        -33.4666258698285         38.9363173867449         7.25482676622624         1.79352015700005        -2.98435282281822        -14.8584627493808
        -140.072137020303         26.8172365002074       -0.240278220660072        -65.0604389125817         88.5261960620511        -59.3236457263056
        -33.4461379840725         38.0462882731184         1.15589823616361        -3.47452933343857        0.693407917558502        -15.9080915076858
         -156.88559292208         69.3236760400791        -23.9159978216558         23.0674234355264         132.673618590195        -57.9135308978391
        -35.0636890834094         39.1861042531389         -5.2201674212293        -3.94702542424904         8.25765417100756        -15.7567554095573
        -134.346671849142          119.43555431826        -46.4825002887293         128.989370562431         86.5928826583655        -51.9894704478927
        -36.0171133603722         43.3488968933409        -11.3888329503349         2.67820298667038         14.4159597934575        -14.3853866415952
        -75.4342565613731         139.915393144089        -66.1633679799658          166.91837641458        -42.8721480036773        -41.8697192067856
        -33.6822593795761         49.2025102359908        -16.8673941717758          13.358573597385         13.1144193036642        -11.8567079738589
        -15.9104613928131         105.648175052534        -81.3512962718088         79.0157183485085        -173.346079759729        -28.2178976983755
        -27.2947711970383         53.3811209046459        -21.2075593426577         20.3389300803341         2.57605395984539        -8.30984186528965
         -5.0782368942854          30.090726606601        -90.7427723804616        -103.685665075935        -191.298948328924        -12.0061230659893
