0.2  0
0.223232  0
0.246465  0
0.269697  0
0.292929  2
0.316162  0
0.339394  0
0.362626  0
0.385859  0
0.409091  0
0.432323  0
0.455556  0
0.478788  0
0.50202  0
0.525253  0
0.548485  1
0.571717  0
0.594949  0
0.618182  0
0.641414  0
0.664646  0
0.687879  0
0.711111  0
0.734343  0
0.757576  0
0.780808  0
0.80404  0
0.827273  0
0.850505  0
0.873737  0
0.89697  0
0.920202  0
0.943434  0
0.966667  0
0.989899  0
1.01313  0
1.03636  0
1.0596  0
1.08283  0
1.10606  0
1.12929  0
1.15253  0
1.17576  0
1.19899  0
1.22222  0
1.24545  0
1.26869  0
1.29192  0
1.31515  8
1.33838  71
1.36162  99
1.38485  100
1.40808  100
1.43131  0
1.45455  0
1.47778  0
1.50101  0
1.52424  0
1.54747  0
1.57071  0
1.59394  0
1.61717  0
1.6404  0
1.66364  0
1.68687  0
1.7101  0
1.73333  0
1.75657  0
1.7798  0
1.80303  0
1.82626  0
1.84949  0
1.87273  0
1.89596  0
1.91919  0
1.94242  0
1.96566  0
1.98889  0
2.01212  0
2.03535  0
2.05859  0
2.08182  0
2.10505  0
2.12828  2
2.15152  0
2.17475  25
2.19798  3
2.22121  0
2.24444  0
2.26768  0
2.29091  0
2.31414  0
2.33737  0
2.36061  0
2.38384  0
2.40707  0
2.4303  0
2.45354  0
2.47677  0
2.5  0
