        -33.8893428208055         39.2162233135774         8.66270146379802         3.27119810199282        -2.92031032196866        -14.3954426477309
         -33.569711004538         38.9250575910073         7.22107539532906         1.77446841907027        -2.74137454628409        -14.8106296752789
          -33.39947793629         38.6535457044947           5.738282885956        0.333954495923273        -2.21060610669264        -15.1553333504533
        -33.3726123073408         38.4368014134306         4.22138185128067       -0.968530431219943        -1.34223657107249        -15.4276405468243
        -33.4749393313806         38.3084186879444         2.67761963169935        -2.05865461656298       -0.169758323300214        -15.6260213353347
        -33.6848688721741         38.2985608340752         1.11439490121494        -2.86597517851856          1.2570407109531        -15.7492862018763
        -33.9738659793506         38.4323343959833       -0.460780472085736        -3.33961144435648         2.87287781509121        -15.7973752178876
         -34.308332723927         38.7282603289625        -2.04038638025296        -3.43398289846679         4.60099749171074        -15.7697873088893
        -34.6502083540912          39.197130209573        -3.61685403191471         -3.1225862084953         6.35395728878141        -15.6663081517339
        -34.9588860280029         39.8409606772138        -5.18259490435201        -2.39978271692094         8.03825880834726        -15.4870640488338
        -35.1933045528463         40.6524123829164        -6.73003488341119        -1.28183757923942         9.55925904487741        -15.2325370349468
        -124.665425675331         112.443693740344         -45.764422006951         112.945489161043         64.4039831422528        -50.8831464393816
        -113.309293719828         118.761185157915        -50.8416965905833         125.167827708875         39.7760961557748        -48.6710673533475
        -100.759315730947         122.602152744136        -55.6965449875129         131.702142683858         12.4230168337295        -46.2155129890222
         -87.587381468629         123.700651729703         -60.304674071876         131.936010897305         -16.338010364429        -43.5273841579151
         -74.425100396613         121.923155668448        -64.6428870039423         125.562060315076        -45.0521364377981        -40.6188224590116
        -61.9331407927136         117.281964420567        -68.6892073208698         112.608853979135        -72.1975206484019        -37.5032130819411
        -50.7675620156499         109.941515873957        -72.4230034974367         93.4554375130679        -96.2628771930467        -34.1952259250372
        -41.5447814347065           100.2169267564        -75.8251179783052         68.8279915213171        -115.828202319778        -30.7109292156957
         -34.806969151493         88.5644647798142        -78.8780081644515         39.7778801684592        -129.644623001733        -27.0680219644184
         -30.989730119313         75.5640606177633        -81.5659113184886         7.64126565883559        -136.709237713552         -23.286199665941
        -30.3939121555144         61.8943806128445        -83.8750456921995        -26.0187149877559        -136.330930366622         -19.387441747626
