0.2  0
0.223232  0
0.246465  0
0.269697  0
0.292929  0
0.316162  0
0.339394  0
0.362626  0
0.385859  0
0.409091  0
0.432323  10
0.455556  11
0.478788  0
0.50202  0
0.525253  0
0.548485  0
0.571717  0
0.594949  0
0.618182  6
0.641414  46
0.664646  47
0.687879  47
0.711111  7
0.734343  0
0.757576  0
0.780808  0
0.80404  0
0.827273  0
0.850505  0
0.873737  0
0.89697  0
0.920202  0
0.943434  0
0.966667  0
0.989899  0
1.01313  0
1.03636  0
1.0596  0
1.08283  0
1.10606  0
1.12929  12
1.15253  46
1.17576  50
1.19899  50
1.22222  50
1.24545  50
1.26869  50
1.29192  50
1.31515  50
1.33838  50
1.36162  50
1.38485  50
1.40808  50
1.43131  50
1.45455  50
1.47778  50
1.50101  50
1.52424  50
1.54747  50
1.57071  49
1.59394  50
1.61717  43
1.6404  5
1.66364  3
1.68687  1
1.7101  0
1.73333  0
1.75657  0
1.7798  0
1.80303  0
1.82626  0
1.84949  0
1.87273  0
1.89596  0
1.91919  0
1.94242  0
1.96566  0
1.98889  0
2.01212  0
2.03535  0
2.05859  0
2.08182  2
2.10505  5
2.12828  43
2.15152  46
2.17475  49
2.19798  49
2.22121  50
2.24444  50
2.26768  40
2.29091  0
2.31414  0
2.33737  0
2.36061  0
2.38384  0
2.40707  0
2.4303  0
2.45354  0
2.47677  0
2.5  0
