0.2  0
0.223232  0
0.246465  0
0.269697  0
0.292929  0
0.316162  19
0.339394  0
0.362626  0
0.385859  0
0.409091  10
0.432323  99
0.455556  4
0.478788  0
0.50202  0
0.525253  0
0.548485  0
0.571717  0
0.594949  17
0.618182  76
0.641414  100
0.664646  100
0.687879  100
0.711111  1
0.734343  0
0.757576  0
0.780808  2
0.80404  0
0.827273  0
0.850505  0
0.873737  0
0.89697  0
0.920202  2
0.943434  1
0.966667  0
0.989899  0
1.01313  1
1.03636  6
1.0596  8
1.08283  26
1.10606  44
1.12929  78
1.15253  100
1.17576  100
1.19899  100
1.22222  100
1.24545  100
1.26869  100
1.29192  100
1.31515  100
1.33838  100
1.36162  100
1.38485  100
1.40808  100
1.43131  100
1.45455  100
1.47778  100
1.50101  100
1.52424  100
1.54747  100
1.57071  100
1.59394  100
1.61717  100
1.6404  10
1.66364  3
1.68687  2
1.7101  1
1.73333  0
1.75657  0
1.7798  0
1.80303  0
1.82626  1
1.84949  0
1.87273  0
1.89596  0
1.91919  0
1.94242  0
1.96566  2
1.98889  2
2.01212  0
2.03535  0
2.05859  3
2.08182  25
2.10505  63
2.12828  100
2.15152  100
2.17475  100
2.19798  100
2.22121  100
2.24444  100
2.26768  100
2.29091  0
2.31414  0
2.33737  0
2.36061  0
2.38384  0
2.40707  0
2.4303  0
2.45354  0
2.47677  0
2.5  0
