        -1.97530864197531 0.988888888888889 0.195092211553117 0.041481481481481
        -1.97555012224939 0.988997555012225 0.193207835916811 0.0410805769932026
        -1.97578692493947 0.98910411622276 0.191359508468715 0.0406873464697575
        -1.97601918465228 0.989208633093525 0.189546204762809 0.0403015716922868
        -1.97624703087886 0.989311163895487 0.187766938800843 0.039923042636862
        -1.97647058823529 0.989411764705882 0.186020761245674 0.0395515570934255
        -1.97668997668998 0.989510489510489 0.184306757733331 0.0391869203058017
        -1.97690531177829 0.989607390300231 0.182624047277439 0.0388289446314185
        -1.97711670480549 0.989702517162471 0.180971780760228 0.0384774492195068
        -1.97732426303855 0.989795918367347 0.17934913950463 0.0381322597066038
        -1.97752808988764 0.989887640449438 0.177755333922486 0.0377932079282921
        -1.97772828507795 0.989977728285078 0.176189602234116 0.0374601316461725
        -1.97792494481236 0.990066225165563 0.174651209254954 0.0371328742891399
         -1.9781181619256 0.990153172866521 0.173139445245129 0.0368112847080906
        -1.97830802603037 0.990238611713666 0.171653624818253 0.0364952169432669
        -1.97849462365591 0.990322580645161 0.170193085905884 0.0361845300034682
        -1.97867803837953 0.990405117270789 0.168757188774375 0.0358790876564479
        -1.97885835095137 0.990486257928118 0.167345315091026 0.035578758229823
          -1.979035639413 0.990566037735849 0.165956867036728 0.0352834144218979
        -1.97920997920998 0.990644490644491 0.164591266462368 0.0349929331218313
        -1.97938144329897 0.990721649484536 0.163247954086513 0.0347071952386013
        -1.97955010224949 0.99079754601227 0.161926388732065 0.0344260855382834
        -1.97971602434077 0.990872210953347 0.160626046599656 0.0341494924891688
        -1.97987927565392 0.990945674044266 0.159346420575767 0.0338773081142789
        -1.98003992015968 0.991017964071856 0.158087019573628 0.0336094278508852
        -1.98019801980198 0.991089108910891 0.156847367905108 0.0333457504166259
         -1.9803536345776 0.991159135559921 0.155627004681934 0.0330861776818829
        -1.98050682261209 0.991228070175439 0.154425483244609 0.0328306145480659
        -1.98065764023211 0.991295938104449 0.153242370617571 0.0325789688314897
        -1.98080614203455 0.991362763915547 0.152077246989217 0.0323311511525528
        -1.98095238095238 0.991428571428571 0.150929705215418 0.0320870748299318
        -1.98109640831758 0.991493383742911 0.149799350345374 0.0318466557795314
         -1.9812382739212 0.99155722326454 0.148685799168572 0.0316098124179396
        -1.98137802607076 0.991620111731844 0.147588679781808 0.0313764655701547
         -1.9815157116451 0.991682070240296 0.146507631175238 0.0311465383813778
        -1.98165137614679 0.991743119266055 0.145442302836461 0.0309199562326401
        -1.98178506375228 0.991803278688525 0.14439235437175 0.0306966466600973
        -1.98191681735986 0.991862567811935 0.143357455143569 0.0304765392777839
        -1.98204667863555 0.991921005385996 0.142337283923558 0.0302595657036773
        -1.98217468805704 0.991978609625668 0.141331528560217 0.0300456594888812
        -1.98230088495575 0.992035398230088 0.140339885660584 0.0298347560498082
        -1.98242530755712 0.992091388400703 0.139362060285212 0.0296267926031857
         -1.9825479930192 0.992146596858639 0.138397765655791 0.029421708103762
        -1.98266897746967 0.992201039861352 0.137446722874849 0.0292194431845831
        -1.98278829604131 0.992254733218589 0.136508660656888 0.0290199400997158
        -1.98290598290598 0.992307692307692 0.135583315070495 0.0288231426692964
         -1.9830220713073 0.992359932088285 0.134670429290818 0.0286289962268067
        -1.98313659359191 0.992411467116358 0.133769753362017 0.0284374475684559
        -1.98324958123953 0.992462311557789 0.132881043969148 0.0282484449045897
        -1.98336106489185 0.992512479201331 0.132004064219091 0.028061937813018
        -1.98347107438017 0.992561983471074 0.131138583430094 0.0278778771941806
        -1.98357963875205 0.992610837438424 0.130284376929527 0.0276962152280653
         -1.9836867862969 0.992659053833605 0.129441225859503 0.0275169053327975
         -1.9837925445705 0.992706645056726 0.128608916989984 0.0273399021248313
        -1.98389694041868 0.992753623188406 0.127787242539046 0.0271651613806623
                   -1.984 0.9928 0.126976000000001 0.0269926399999996
        -1.98410174880763 0.992845786963434 0.126174991975049 0.0268222959703364
        -1.98420221169036 0.992890995260663 0.12538402601519 0.0266540883328465
        -1.98430141287284 0.992935635792779 0.124602914466113 0.0264879771495603
        -1.98439937597504 0.992979719188768 0.123831474319816 0.0263239234717592
        -1.98449612403101 0.993023255813953 0.12306952707169 0.0261618893095372
        -1.98459167950693 0.99306625577812 0.122316898582861 0.0260018376024753
        -1.98468606431853 0.993108728943338 0.121573418947538 0.0258437321913938
        -1.98477929984779 0.993150684931507 0.120838922365163 0.0256875377911219
        -1.98487140695915 0.993192133131619 0.120113247017194 0.0255332199642497
        -1.98496240601504 0.993233082706767 0.119396234948274 0.0253807450958226
        -1.98505231689088 0.993273542600897 0.118687731951621 0.0252300803689329
         -1.9851411589896 0.993313521545319 0.11798758745852 0.0250811937411823
        -1.98522895125554 0.993353028064993 0.117295654431642 0.0249340539219647
        -1.98531571218796 0.993392070484581 0.116611789262141 0.0247886303505473
        -1.98540145985401 0.993430656934307 0.115935851670308 0.0246448931749166
        -1.98548621190131 0.993468795355588 0.115267704609655 0.0245028132313503
        -1.98556998556999 0.993506493506494 0.114607214174313 0.0243623620246991
        -1.98565279770445 0.993543758967001 0.113954249509581 0.0242235117093346
        -1.98573466476462 0.99358059914408 0.113308682725513 0.024086235070746
        -1.98581560283688 0.993617021276596 0.11267038881344 0.0239505055077709
        -1.98589562764457 0.993653032440056 0.112039245565279 0.023816297015403
         -1.9859747545582 0.993688639551192 0.111415133495552 0.0236835841681931
         -1.9860529986053 0.993723849372385 0.110797935765985 0.0235523421041886
        -1.98613037447989 0.99375866851595 0.110187538112616 0.0234225465094133
        -1.98620689655172 0.993793103448276 0.109583828775268 0.0232941736028538
        -1.98628257887517 0.993827160493827 0.108986698429364 0.0231672001219327
        -1.98635743519782 0.993860845839018 0.108396040119935 0.0230416033084619
        -1.98643147896879 0.993894165535957 0.107811749197763 0.0229173608950437
        -1.98650472334683 0.993927125506073 0.107233723257588 0.0227944510919156
        -1.98657718120805 0.993959731543624 0.106661862078285 0.0226728525742081
        -1.98664886515354 0.993991989319092 0.106096067564941 0.0225525444696175
         -1.9867197875166 0.99402390438247 0.10553624369278 0.0224335063464602
        -1.98678996036988 0.994055482166446 0.104982296452834 0.0223157182021088
        -1.98685939553219 0.994086727989487 0.104434133799327 0.0221991604517884
        -1.98692810457516 0.994117647058824 0.103891665598701 0.0220838139177237
        -1.98699609882965 0.994148244473342 0.103354803580215 0.0219696598186214
        -1.98706338939198 0.994178525226391 0.102823461288072 0.0218566797594759
        -1.98712998712999 0.994208494208494 0.102297554035005 0.0217448557216899
        -1.98719590268886 0.994238156209987 0.101776998857304 0.0216341700534946
        -1.98726114649682 0.994267515923567 0.101261714471175 0.0215246054606677
         -1.9873257287706 0.994296577946768 0.100751621230449 0.0214161449975179
        -1.98738965952081 0.994325346784363 0.100246641085539 0.0213087720581573
        -1.98745294855709 0.99435382685069 0.0997466975436438 0.0212024703680211
        -1.98751560549313 0.99438202247191 0.0992517156301194 0.0210972239756488
        -1.98757763975155 0.994409937888199 0.0987616218510095 0.0209930172447055
         -1.9876390605686 0.994437577255871 0.0982763441566679 0.020889834846237
        -1.98769987699877 0.994464944649446 0.0977958119064581 0.0207876617511564
        -1.98776009791922 0.994492044063647 0.0973199558344771 0.0206864832229448
         -1.9878197320341 0.994518879415347 0.0968487080162781 0.0205862848105678
        -1.98787878787879 0.994545454545455 0.0963820018365471 0.0204870523415983
        -1.98793727382388 0.994571773220748 0.0959197719577265 0.0203887719155293
        -1.98799519807923 0.994597839135654 0.0954619542895188 0.0202914298972892
        -1.98805256869773 0.994623655913978 0.095008485959271 0.0201950129109338
        -1.98810939357907 0.994649227110583 0.0945593052831892 0.0200995078335202
        -1.98816568047337 0.994674556213018 0.0941143517383853 0.0200049017891533
        -1.98822143698469 0.99469964664311 0.0936735659356742 0.0199111821431992
        -1.98827667057444 0.994724501758499 0.0932368895931734 0.019818336496662
        -1.98833138856476 0.994749124854142 0.0928042655106065 0.019726352680717
         -1.9883855981417 0.994773519163763 0.092375637544329 0.0196352187513908
        -1.98843930635838 0.994797687861272 0.0919509505830476 0.0195449229843963
        -1.98849252013809 0.99482163406214 0.0915301505241928 0.0194554538701017
        -1.98854524627721 0.994845360824742 0.0911131842509594 0.0193668001086431
        -1.98859749144812 0.994868871151653 0.0906999996099476 0.0192789506051652
        -1.98864926220204 0.994892167990919 0.0902905453894238 0.0191918944651945
        -1.98870056497175 0.994915254237288 0.0898847712981574 0.0191056209901368
        -1.98875140607424 0.994938132733408 0.0894826279448484 0.0190201196728919
        -1.98880179171333 0.994960806270997 0.0890840668180672 0.0189353801935925
        -1.98885172798216 0.994983277591973 0.0886890402667628 0.0188513924154465
         -1.9889012208657 0.995005549389567 0.0882975014812732 0.0187681463807015
        -1.98895027624309 0.995027624309392 0.0879094044748321 0.0186856323067057
        -1.98899889988999 0.995049504950495 0.0875247040655651 0.0186038405820779
        -1.98904709748083 0.995071193866375 0.0871433558589629 0.018522761762974
        -1.98909487459106 0.995092693565976 0.0867653162307995 0.0184423865694523
        -1.98914223669924 0.995114006514658 0.0863905423104985 0.0183627058819367
        -1.98918918918919 0.995135135135135 0.0860189919649379 0.0182837107377645
        -1.98923573735199 0.995156081808396 0.085650623782648 0.0182053923278271
          -1.989281886388 0.995176848874598 0.0852853970584349 0.0181277419932933
        -1.98932764140875 0.995197438633938 0.0849232717783881 0.0180507512224239
        -1.98937300743889 0.995217853347503 0.0845642086052649 0.0179744116474549
        -1.98941798941799 0.995238095238095 0.0842081688642544 0.0178987150415719
        -1.98946259220232 0.995258166491043 0.0838551145290758 0.0178236533159528
        -1.98950682056663 0.995278069254984 0.0835050082084621 0.017749218516883
        -1.98955067920585 0.995297805642633 0.0831578131329493 0.0176754028229542
        -1.98959417273673 0.99531737773153 0.082813493142007 0.0176021985423183
        -1.98963730569948 0.995336787564767 0.0824720126714809 0.0175295981100163
        -1.98968008255934 0.995356037151703 0.0821333367413555 0.0174575940853781
        -1.98972250770812 0.995375128468654 0.0817974309438068 0.0173861791494714
        -1.98976458546571 0.99539406345957 0.0814642614315542 0.0173153461026323
        -1.98980632008155 0.995412844036697 0.081133794906485 0.0172450878620389
        -1.98984771573604 0.995431472081218 0.0808059986085699 0.017175397459352
        -1.98988877654196 0.995449949443883 0.0804808403050341 0.017106268038412
        -1.98992950654582 0.995468277945619 0.080158288279792 0.0170376928529921
        -1.98996990972919 0.995486459378134 0.0798383113231367 0.0169696652646003
        -1.99000999000999 0.995504495504495 0.079520878721679 0.0169021787403407
        -1.99004975124378 0.995522388059702 0.0792059602485082 0.0168352268508203
        -1.99008919722498 0.995540138751239 0.0788935261536157 0.0167688032681097
        -1.99012833168806 0.995557749259625 0.0785835471545138 0.0167029017637446
        -1.99016715830875 0.995575221238938 0.0782759944270897 0.0166375162067856
        -1.99020568070519 0.995592556317336 0.0779708395966789 0.0165726405619124
        -1.99024390243902 0.995609756097561 0.0776680547293278 0.0165082688875668
        -1.99028182701652 0.995626822157434 0.077367612323286 0.0164443953341435
        -1.99031945788964 0.995643756050339 0.0770694853006635 0.0163810141422127
        -1.99035679845709 0.99566055930569 0.0767736469993086 0.0163181196407929
        -1.99039385206532 0.995677233429395 0.0764800711648554 0.0162557062456572
        -1.99043062200957 0.995693779904306 0.0761887319429508 0.0161937684576823
        -1.99046711153479 0.995710200190658 0.0758996038716795 0.0161323008612313
        -1.99050332383666 0.995726495726496 0.0756126618741373 0.0160712981225797
        -1.99053926206244 0.995742667928098 0.0753278812511802 0.0160107549883688
        -1.99057492931197 0.995758718190386 0.0750452376743436 0.0159506662840969
         -1.9906103286385 0.995774647887324 0.0747647071789093 0.0158910269126493
        -1.99064546304958 0.995790458372311 0.0744862661571393 0.0158318318528545
        -1.99068033550792 0.995806150978565 0.0742098913516465 0.0157730761580748
        -1.99071494893222 0.995821727019499 0.0739355598489215 0.0157147549548298
        -1.99074930619796 0.995837187789084 0.0736632490730056 0.0156568634414467
        -1.99078341013825 0.995852534562212 0.0733929367792907 0.0155993968867461
        -1.99081726354454 0.995867768595041 0.0731246010484679 0.0155423506287513
        -1.99085086916743 0.995882891125343 0.072858220280601 0.0154857200734271
        -1.99088422971741 0.995897903372835 0.0725937731893307 0.0154295006934468
        -1.99091734786558 0.99591280653951 0.0723312387962061 0.0153736880269859
        -1.99095022624434 0.995927601809955 0.0720705964251351 0.0153182776765424
        -1.99098286744815 0.995942290351668 0.0718118256969564 0.015263265307782
        -1.99101527403414 0.995956873315364 0.0715549065241383 0.0152086466484067
        -1.99104744852283 0.995971351835273 0.0712998191055618 0.0151544174870502
        -1.99107939339875 0.995985727029438 0.0710465439214545 0.0151005736721945
        -1.99111111111111 0.996 0.0707950617283952 0.015047111111111
         -1.9911426040744 0.996014171833481 0.0705453535544525 0.0149940257688241
        -1.99117387466902 0.996028243601059 0.0702974006944039 0.0149413136670957
        -1.99120492524186 0.996042216358839 0.0700511847050773 0.0148889708834292
        -1.99123575810692 0.996056091148116 0.069806687400769 0.014836993550102
        -1.99126637554585 0.996069868995633 0.0695638908487641 0.0147853778532063
        -1.99129677980853 0.996083550913838 0.0693227773649614 0.0147341200317221
        -1.99132697311362 0.996097137901128 0.0690833295095779 0.0146832163766
        -1.99135695764909 0.996110630942092 0.0688455300829425 0.0146326632298681
        -1.99138673557278 0.996124031007752 0.0686093621213697 0.0145824569837552
        -1.99141630901288 0.996137339055794 0.0683748088931448 0.0145325940798315
        -1.99144568006843 0.996150556030795 0.0681418538945575 0.0144830710081734
        -1.99147485080989 0.99616368286445 0.0679104808460327 0.0144338843065306
        -1.99150382327952 0.996176720475786 0.0676806736883453 0.0143850305595281
        -1.99153259949196 0.99618966977138 0.0674524165788988 0.0143365063978695
         -1.9915611814346 0.99620253164557 0.0672256938880871 0.0142883084975702
        -1.99158957106812 0.996215306980656 0.0670004901957331 0.0142404335791859
        -1.99161777032691 0.996227996647108 0.0667767902875749 0.0141928784070813
        -1.99164578111947 0.996240601503759 0.0665545791518625 0.014145639788695
        -1.99167360532889 0.996253122398002 0.0663338419759825 0.0140987145738252
        -1.99170124481328 0.996265560165975 0.0661145641431791 0.0140520996539317
        -1.99172870140612 0.996277915632754 0.0658967312293175 0.0140057919614471
        -1.99175597691674 0.996290189612531 0.0656803289997274 0.0139597884691063
        -1.99178307313065 0.996302382908792 0.0654653434061014 0.0139140861892835
        -1.99180999180999 0.996314496314496 0.0652517605834557 0.0138686821733507
        -1.99183673469388 0.996326530612245 0.0650395668471475 0.0138235735110372
        -1.99186330349878 0.996338486574451 0.0648287486899513 0.0137787573298129
         -1.9918896999189 0.996350364963504 0.0646192927792004 0.0137342307942774
        -1.99191592562652 0.996362166531932 0.0644111859539702 0.0136899911055575
        -1.99194198227236 0.996373892022562 0.0642044152223171 0.0136460355007304
        -1.99196787148594 0.996385542168675 0.0639989677585859 0.0136023612522376
         -1.9919935948759 0.996397117694155 0.0637948309007506 0.0135589656673303
        -1.99201915403033 0.996408619313647 0.063591992147817 0.0135158460875067
         -1.9920445505171 0.996420047732697 0.0633904391572671 0.0134729998879779
        -1.99206978588422 0.996431403647899 0.063190159742561 0.0134304244771308
        -1.99209486166008 0.996442687747036 0.0629911418706737 0.0133881172960053
        -1.99211977935382 0.99645390070922 0.0627933736596944 0.0133460758177821
        -1.99214454045562 0.996465043205027 0.0625968433764541 0.0133042975472826
        -1.99216914643696 0.996476115896633 0.0624015394342052 0.0132627800204692
        -1.99219359875098 0.996487119437939 0.0622074503903498 0.0132215208039681
        -1.99221789883268 0.996498054474708 0.0620145649442083 0.0131805174945874
         -1.9922420480993 0.996508921644686 0.0618228719348117 0.0131397677188545
         -1.9922660479505 0.996519721577726 0.0616323603387627 0.0130992691325598
         -1.9922898997687 0.996530454895914 0.0614430192681166 0.013059019420298
        -1.99231360491929 0.996541122213682 0.0612548379683098 0.0130190162950399
        -1.99233716475096 0.996551724137931 0.0610678058161227 0.0129792574976881
        -1.99236058059587 0.996562261268144 0.060881912317674 0.0129397407966589
        -1.99238385376999 0.996572734196497 0.0606971471064739 0.0129004639874615
        -1.99240698557327 0.996583143507973 0.0605134999414805 0.0128614248922885
        -1.99242997728993 0.996593489780469 0.0603309607052207 0.0128226213596125
        -1.99245283018868 0.996603773584906 0.0601495194019233 0.0127840512637944
        -1.99247554552295 0.996613995485327 0.059969166155696 0.0127457125046919
        -1.99249812453113 0.99662415603901 0.0597898912087356 0.0127076030072781
         -1.9925205684368 0.99663425579656 0.0596116849195756 0.0126697207212696
        -1.99254287844892 0.996644295302013 0.059434537761339 0.012632063620758
        -1.99256505576208 0.996654275092937 0.0592584403200629 0.0125946297038464
        -1.99258710155671 0.996664195700519 0.0590833832930073 0.0125574169922977
        -1.99260901699926 0.996674057649667 0.0589093574870443 0.0125204235311851
        -1.99263080324245 0.996683861459101 0.0587363538170198 0.0124836473885512
        -1.99265246142542 0.99669360764144 0.0585643633042014 0.012447086655067
        -1.99267399267399 0.996703296703297 0.0583933770746956 0.0124107394437063
         -1.9926953981008 0.996712929145362 0.0582233863579482 0.0123746038894201
        -1.99271667880554 0.996722505462491 0.0580543824852313 0.0123386781488168
        -1.99273783587509 0.996732026143791 0.0578863568881669 0.0123029603998464
        -1.99275887038378 0.996741491672701 0.0577193010972845 0.0122674488414973
         -1.9927797833935 0.996750902527076 0.0575532067406073 0.012232141693493
        -1.99280057595392 0.996760259179266 0.057388065542229 0.0121970371959872
        -1.99282124910266 0.996769562096195 0.0572238693209659 0.0121621336092832
        -1.99284180386543 0.996778811739442 0.057060609988989 0.0121274292135367
        -1.99286224125625 0.99678800856531 0.0568982795504986 0.0120929223084767
        -1.99288256227758 0.996797153024911 0.0567368701004298 0.0120586112131309
        -1.99290276792051 0.99680624556423 0.0565763738231517 0.0120244942655474
         -1.9929228591649 0.996815286624204 0.0564167829912225 0.0119905698225304
        -1.99294283697953 0.99682427664079 0.0562580899641354 0.0119568362593747
        -1.99296270232231 0.996833216045039 0.0561002871871157 0.0119232919696062
        -1.99298245614035 0.996842105263158 0.0559433671899043 0.0118899353647279
        -1.99300209937019 0.996850944716585 0.0557873225855907 0.0118567648739671
        -1.99302163293789 0.996859734822052 0.0556321460694456 0.0118237789440316
        -1.99304105775922 0.996868475991649 0.055477830417793 0.0117909760388653
        -1.99306037473976 0.996877168632894 0.0553243684868772 0.011758354639412
        -1.99307958477509 0.996885813148789 0.0551717532117681 0.0117259132433762
        -1.99309868875086 0.996894409937888 0.0550199776052693 0.0116936503649971
        -1.99311768754301 0.996902959394356 0.0548690347568606 0.0116615645348239
        -1.99313658201784 0.99691146190803 0.0547189178316501 0.0116296542994818
        -1.99315537303217 0.996919917864476 0.0545696200693264 0.0115979182214647
        -1.99317406143345 0.996928327645051 0.0544211347831673 0.0115663548789153
         -1.9931926480599 0.996936691626957 0.0542734553590165 0.0115349628654089
        -1.99321113374067 0.996945010183299 0.0541265752543296 0.0115037407897485
        -1.99322951929587 0.996953283683142 0.0539804879971797 0.0114726872757593
         -1.9932478055368 0.99696151249156 0.053835187185328 0.0114418009620851
        -1.99326599326599 0.996969696969697 0.053690666485279 0.0114110805019898
        -1.99328408327737 0.996977837474815 0.0535469196313603 0.0113805245631613
        -1.99330207635633 0.996985934360348 0.0534039404248166 0.0113501318275189
        -1.99331997327989 0.996993987975952 0.0532617227329286 0.0113199009910265
        -1.99333777481679 0.997001998667555 0.0531202604881216 0.0112898307635012
        -1.99335548172757 0.997009966777409 0.0529795476871122 0.0112599198684347
        -1.99337309476474 0.997017892644135 0.0528395783900528 0.0112301670428061
        -1.99339061467284 0.997025776602776 0.0527003467197034 0.0112005710369139
        -1.99340804218853 0.997033618984838 0.0525618468606073 0.0111711306141911
        -1.99342537804076 0.997041420118343 0.0524240730582708 0.0111418445510392
        -1.99344262295082 0.997049180327869 0.0522870196183813 0.0111127116366569
        -1.99345977763244 0.997056899934598 0.0521506809060153 0.011083730672873
        -1.99347684279191 0.99706457925636 0.0520150513448652 0.0110549004739822
        -1.99349381912817 0.997072218607677 0.0518801254164778 0.0110262198665834
         -1.9935107073329 0.997079818299805 0.0517458976595169 0.0109976876894202
        -1.99352750809061 0.997087378640777 0.0516123626690117 0.0109693027932263
        -1.99354422207876 0.997094899935442 0.0514795150956431 0.0109410640405669
         -1.9935608499678 0.997102382485512 0.0513473496450167 0.010912970305692
        -1.99357739242132 0.997109826589595 0.051215861076976 0.0108850204743818
        -1.99359385009609 0.997117232543241 0.0510850442048962 0.0108572134438045
        -1.99361022364217 0.997124600638978 0.0509548938950086 0.010829548122365
          -1.993626513703 0.997131931166348 0.0508254050657229 0.0108020234295694
        -1.99364272091545 0.997139224411952 0.050696572686979 0.0107746382958775
        -1.99365884590996 0.99714648065948 0.0505683917795814 0.0107473916625689
        -1.99367488931056 0.997153700189753 0.0504408574145625 0.0107202824816035
        -1.99369085173502 0.997160883280757 0.0503139647125561 0.0106933097154909
        -1.99370673379484 0.997168030207678 0.0501877088431684 0.0106664723371543
        -1.99372253609542 0.997175141242938 0.0500620850243667 0.010639769329801
        -1.99373825923607 0.99718221665623 0.0499370885218795 0.0106131996867953
        -1.99375390381012 0.997189256714553 0.0498127146485974 0.0105867624115317
        -1.99376947040498 0.997196261682243 0.049688958763987 0.0105604565173092
        -1.99378495960224 0.997203231821007 0.0495658162735175 0.0105342810272089
        -1.99380037197768 0.997210167389957 0.0494432826280882 0.0105082349739734
        -1.99381570810142 0.99721706864564 0.0493213533234744 0.0104823173998896
        -1.99383096853794 0.997223935842073 0.049200023899763 0.0104565273566668
        -1.99384615384615 0.997230769230769 0.0490792899408294 0.0104308639053254
         -1.9938612645795 0.997237569060773 0.0489591470737754 0.0104053261160799
        -1.99387630128598 0.99724433557869 0.0488395909684254 0.0103799130682281
        -1.99389126450825 0.997251069028711 0.0487206173367927 0.0103546238500409
        -1.99390615478367 0.997257769652651 0.048602221932569 0.0103294575586523
        -1.99392097264438 0.99726443768997 0.0484844005506222 0.0103044132999508
        -1.99393571861734 0.997271073377805 0.0483671490264967 0.010279490188478
        -1.99395039322444 0.997277676950998 0.0482504632359202 0.0102546873473184
         -1.9939649969825 0.997284248642124 0.048134339094327 0.0102300039080014
        -1.99397953040337 0.997290788681517 0.0480187725563734 0.0102054390103961
        -1.99399399399399 0.997297297297297 0.0479037596154726 0.010180991802613
        -1.99400838825644 0.997303774715398 0.0477892963033302 0.010156661440909
        -1.99402271368799 0.997310221159594 0.0476753786894921 0.0101324470895832
        -1.99403697078116 0.997316636851521 0.0475620028808859 0.010108347920887
         -1.9940511600238 0.997323022010708 0.0474491650213871 0.0100843631149274
        -1.99406528189911 0.997329376854599 0.0473368612913738 0.0100604918595741
        -1.99407933688573 0.997335701598579 0.0472250879073002 0.0100367333503693
        -1.99409332545777 0.997341996455995 0.0471138411212699 0.0100130867904356
        -1.99410724808486 0.997348261638185 0.0470031172206209 0.0099895513903876
        -1.99412110523222 0.997354497354497 0.0468929125275075 0.0099661263682429
         -1.9941348973607 0.997360703812317 0.0467832233984922 0.00994281094933847
        -1.99414862492686 0.997366881217086 0.0466740462241511 0.00991960436624151
        -1.99416228838295 0.997373029772329 0.0465653774286725 0.00989650585867041
        -1.99417588817705 0.997379149679674 0.0464572134694716 0.00987351467340325
        -1.99418942475305 0.997385241138873 0.0463495508367942 0.00985063006420717
        -1.99420289855072 0.997391304347826 0.0462423860533487 0.00982785129174557
        -1.99421631000578 0.997397339502603 0.0461357156739339 0.00980517762350885
        -1.99422965954991 0.997403346797461 0.0460295362850527 0.00978260833373046
        -1.99424294761082 0.99740932642487 0.0459238445045678 0.00976014270330916
        -1.99425617461229 0.997415278575531 0.0458186369813287 0.0097377800197358
        -1.99426934097421 0.997421203438395 0.0457139103948236 0.00971551957701466
        -1.99428244711264 0.997427101200686 0.0456096614548347 0.00969336067559334
        -1.99429549343982 0.997432972047918 0.0455058869010809 0.00967130262228366
        -1.99430848036426 0.997438816163916 0.0454025835028862 0.00964934473019419
        -1.99432140829074 0.997444633730835 0.0452997480588468 0.00962748631865651
         -1.9943342776204 0.997450424929178 0.0451973773964962 0.00960572671315907
        -1.99434708875071 0.997456189937818 0.0450954683719775 0.00958406524526945
        -1.99435984207558 0.99746192893401 0.0449940178697243 0.00956250125257307
        -1.99437253798537 0.997467642093416 0.0448930228021478 0.00954103407860529
        -1.99438517686693 0.997473329590118 0.044792480109308 0.00951966307278029
        -1.99439775910364 0.997478991596639 0.0446923867586246 0.00949838759033028
        -1.99441028507546 0.997484628283958 0.0445927397445587 0.0094772069922362
        -1.99442275515895 0.997490239821528 0.0444935360883196 0.00945612064516865
        -1.99443516972732 0.997495826377296 0.0443947728375598 0.00943512792141998
        -1.99444752915047 0.997501388117712 0.0442964470660847 0.0094142281988443
        -1.99445983379501 0.997506925207756 0.0441985558735727 0.00939342086079797
        -1.99447208402432 0.997512437810945 0.0441010963852797 0.00937270529607392
        -1.99448428019857 0.997517926089355 0.0440040657517624 0.00935208089884654
        -1.99449642267474 0.997523390203632 0.0439074611485903 0.00933154706861083
         -1.9945085118067 0.997528830313015 0.0438112797760937 0.00931110321012296
        -1.99452054794521 0.997534246575343 0.0437155188590737 0.00929074873334557
        -1.99453253143794 0.997539639147075 0.043620175646538 0.00927048305338829
        -1.99454446262957 0.997545008183306 0.0435252474114467 0.0092503055904527
        -1.99455634186173 0.997550353837779 0.0434307314504458 0.00923021576977678
        -1.99456816947311 0.997555676262901 0.0433366250836098 0.00921021302158165
        -1.99457994579946 0.997560975609756 0.0432429256541891 0.0091902967810169
        -1.99459167117361 0.997566252028123 0.0431496305283634 0.00917046648810516
        -1.99460334592553 0.997571505666487 0.043056737094993 0.00915072158769403
        -1.99461497038234 0.997576736672052 0.0429642427653718 0.00913106152940069
        -1.99462654486835 0.997581945190758 0.0428721449729892 0.00911148576756293
        -1.99463806970509 0.997587131367292 0.0427804411732993 0.00909199376118508
        -1.99464954521134 0.997592295345104 0.0426891288434756 0.00907258497389618
        -1.99466097170315 0.997597437266417 0.0425982054821805 0.00905325887389008
        -1.99467234949387 0.997602557272243 0.0425076686093533 0.00903401493388456
        -1.99468367889421 0.997607655502392 0.0424175157659583 0.00901485263106983
         -1.9946949602122 0.997612732095491 0.0423277445137877 0.00899577144706543
        -1.99470619375331 0.997617787188989 0.0422383524352217 0.00897677086786786
        -1.99471737982039 0.997622820919176 0.0421493371330239 0.00895785038380659
        -1.99472851871376 0.997627833421191 0.0420606962301253 0.0089390094895001
        -1.99473961073119 0.997632824829037 0.0419724273694104 0.00892024768380972
        -1.99475065616798 0.997637795275591 0.041884528213501 0.00890156446979518
        -1.99476165531692 0.997642744892614 0.0417969964445657 0.00888295935467109
        -1.99477260846837 0.997647673810768 0.0417098297641054 0.00886443184976127
        -1.99478351591028 0.997652582159624 0.0416230258927541 0.0088459814704609
        -1.99479437792816 0.997657470067673 0.04153658257008 0.00882760773618818
        -1.99480519480519 0.997662337662338 0.0414504975543935 0.00880931017034881
        -1.99481596682219 0.997667185069984 0.0413647686225449 0.00879108830029063
        -1.99482669425763 0.997672012415934 0.041279393569738 0.00877294165726195
        -1.99483737738771 0.997676819824471 0.0411943702093485 0.00875486977637552
        -1.99484801648635 0.997681607418856 0.0411096963727218 0.0087368721965686
        -1.99485861182519 0.997686375321337 0.0410253699090024 0.00871894846055765
        -1.99486916367368 0.997691123653155 0.0409413886849386 0.00870109811480591
        -1.99487967229903 0.997695852534562 0.0408577505847205 0.0086833207094843
        -1.99489013796627 0.997700562084824 0.0407744535097851 0.00866561579842973
         -1.9949005609383 0.997705252422234 0.040691495378649 0.00864798293911306
        -1.99491094147583 0.997709923664122 0.0406088741267343 0.00863042169259742
        -1.99492127983748 0.997714575926866 0.0405265877061964 0.00861293162350618
        -1.99493157627978 0.9977192093259 0.0404446340857536 0.00859551229998257
        -1.99494183105716 0.997723823975721 0.0403630112505233 0.00857816329365857
        -1.99495204442201 0.997728419989904 0.040281717201859 0.00856088417961498
        -1.99496221662469 0.997732997481108 0.0402007499571724 0.00854367453635252
        -1.99497234791352 0.997737556561086 0.0401201075497948 0.00852653394575142
        -1.99498243853487 0.997742097340692 0.0400397880287979 0.0085094619930417
         -1.9949924887331 0.997746619929895 0.0399597894588499 0.00849245826676892
        -1.99500249875062 0.997751124437781 0.0398801099200519 0.00847552235876048
        -1.99501246882793 0.997755610972569 0.0398007475077886 0.00845865386409272
        -1.99502239920358 0.997760079641613 0.039721700332576 0.00844185238105988
        -1.99503229011426 0.997764530551416 0.0396429665199047 0.00842511751114028
        -1.99504214179474 0.997768963807635 0.0395645442101102 0.00840844885896752
        -1.99505195447798 0.997773379515091 0.0394864315581991 0.00839184603229715
        -1.99506172839506 0.997777777777778 0.0394086267337297 0.00837530864197511
        -1.99507146377526 0.997782158698866 0.0393311279206561 0.00835883630191203
        -1.99508116084604 0.997786522380718 0.0392539333171875 0.00834242862904677
        -1.99509081983309 0.99779086892489 0.0391770411356518 0.00832608524332246
        -1.99510044096031 0.997795198432141 0.0391004496023584 0.00830980576765183
        -1.99511002444988 0.997799511002445 0.0390241569574545 0.00829358982789419
        -1.99511957052221 0.997803806734993 0.0389481614548011 0.00827743705282069
        -1.99512907939601 0.997808085728203 0.0388724613618301 0.00826134707409043
        -1.99513855128828 0.997812348079728 0.0387970549594208 0.00824531952622065
        -1.99514798641436 0.997816593886463 0.0387219405417625 0.00822935404655789
        -1.99515738498789 0.997820823244552 0.0386471164162305 0.00821345027525533
        -1.99516674722088 0.997825036249396 0.0385725809032564 0.0081976078552386
        -1.99517607332369 0.997829232995659 0.0384983323362036 0.00818182643218579
        -1.99518536350506 0.997833413577275 0.0384243690612429 0.00816610565449727
        -1.99519461797213 0.997837578087458 0.0383506894372356 0.00815044517326946
        -1.99520383693046 0.997841726618705 0.0382772918355965 0.00813484464227132
        -1.99521302058401 0.997845859262805 0.0382041746401907 0.00811930371791769
        -1.99522216913521 0.997849976110846 0.0381313362472095 0.00810382205924265
        -1.99523128278493 0.997854077253219 0.0380587750650445 0.0080883993278773
        -1.99524036173251 0.997858162779629 0.0379864895141839 0.00807303518802138
        -1.99524940617577 0.997862232779097 0.0379144780270924 0.00805772930642457
        -1.99525841631105 0.997866287339972 0.0378427390481004 0.00804248135235675
        -1.99526739233318 0.997870326549929 0.0377712710332823 0.00802729099758581
        -1.99527633443552 0.997874350495985 0.0377000724503631 0.00801215791635723
           -1.99528524281 0.997878359264498 0.037629141778595 0.00799708178536607
        -1.99529411764706 0.997882352941176 0.0375584775086502 0.00798206228373699
        -1.99530295913574 0.997886331611085 0.0374880781425215 0.00796709909300164
        -1.99531176746367 0.99789029535865 0.0374179421934109 0.00795219189707241
        -1.99532054281703 0.997894244267665 0.037348068185624 0.00793734038222649
        -1.99532928538066 0.997898178421298 0.0372784546544729 0.00792254423707783
          -1.995337995338 0.997902097902098 0.0372091001461641 0.00790780315255768
         -1.9953466728711 0.997906002791996 0.0371400032177025 0.00789311682189675
        -1.99535531816071 0.997909893172318 0.0370711624367992 0.00787848494059507
        -1.99536393138618 0.997913769123783 0.0370025763817559 0.00786390720641084
        -1.99537251272559 0.997917630726516 0.0369342436413813 0.00784938331933205
        -1.99538106235566 0.997921478060046 0.036866162814885 0.0078349129815618
        -1.99538958045182 0.99792531120332 0.0367983325117898 0.00782049589749167
        -1.99447768062586 0.997699033594109 0.0440565709480172 0.00826230127560157
        -1.99448782728525 0.997703261368856 0.0439758455258126 0.0082471590387585
        -1.99449793672627 0.997707473635947 0.0438954153887501 0.00823207220207234
        -1.99450800915332 0.997711670480549 0.0438152789196149 0.00821704046206451
         -1.9945180447693 0.997715851987209 0.0437354345129872 0.0082020635174711
        -1.99452804377565 0.997720018239854 0.0436558805751162 0.00818714106921892
        -1.99453800637233 0.997724169321802 0.043576615523838 0.00817227282040855
        -1.99454793275784 0.997728305315766 0.0434976377884499 0.0081574584762909
        -1.99455782312925 0.997732426303855 0.0434189458096164 0.00814269774425291
        -1.99456767768221 0.997736532367587 0.0433405380392688 0.00812799033379408
        -1.99457749661094 0.99774062358789 0.0432624129404999 0.00811333595651043
        -1.99458728010825 0.997744700045106 0.0431845689874581 0.00809873432607233
         -1.9945970283656 0.997748761819 0.0431070046652628 0.00808418515820852
        -1.99460674157303 0.997752808988764 0.0430297184698905 0.00806968817068521
        -1.99461641991925 0.997756841633019 0.0429527089080874 0.00805524308329364
        -1.99462606359158 0.997760859829825 0.0428759744972655 0.00804084961782214
        -1.99463567277604 0.997764863656683 0.0427995137654236 0.00802650749804812
         -1.9946452476573 0.99776885319054 0.0427233252510266 0.0080122164497145
        -1.99465478841871 0.997772828507795 0.0426474075029386 0.00799797620051468
        -1.99466429524233 0.997776789684304 0.0425717590803174 0.00798378648007381
        -1.99467376830892 0.997780736795384 0.042496378552519 0.00796964701993241
        -1.99468320779796 0.997784669915817 0.0424212644990263 0.00795555755352906
        -1.99469261388766 0.997788589119858 0.0423464155093356 0.00794151781618613
        -1.99470198675497 0.997792494481236 0.0422718301828873 0.00792752754508852
        -1.99471132657558 0.99779638607316 0.042197507128968 0.00791358647926987
        -1.99472063352398 0.997800263968324 0.0421234449666308 0.00789969435959836
        -1.99472990777339 0.997804128238911 0.0420496423246046 0.00788585092875627
        -1.99473914949584 0.997807978956598 0.0419760978412107 0.00787205593122797
        -1.99474835886214 0.99781181619256 0.0419028101642809 0.00785830911328267
        -1.99475753604194 0.997815640017475 0.0418297779510777 0.00784461022295702
        -1.99476668120366 0.997819450501526 0.0417569998681966 0.0078309590100436
        -1.99477579451458 0.99782324771441 0.0416844745915093 0.0078173552260723
        -1.99478487614081 0.997827031725337 0.0416122008060675 0.00780379862429692
        -1.99479392624729 0.997830802603037 0.0415401772060182 0.00779028895967881
        -1.99480294499783 0.997834560415764 0.0414684024945409 0.00777682598887663
        -1.99481193255512 0.997838305231301 0.0413968753837644 0.00776340947022325
        -1.99482088908071 0.997842037116962 0.0413255945946798 0.00775003916371952
        -1.99482981473503 0.997845756139595 0.0412545588570783 0.00773671483101745
        -1.99483870967742 0.997849462365591 0.0411837669094695 0.00772343623540328
        -1.99484757406612 0.997853155860885 0.0411132174990012 0.00771020314178505
        -1.99485640805829 0.997856836690956 0.041042909381396 0.00769701531668199
        -1.99486521181001 0.997860504920839 0.0409728413208743 0.00768387252820579
        -1.99487398547629 0.997864160615122 0.0409030120900731 0.00767077454605003
        -1.99488272921109 0.997867803837953 0.0408334204699923 0.00765772114147545
        -1.99489144316731 0.997871434653044 0.0407640652499062 0.00764471208729711
        -1.99490012749681 0.997875053123672 0.0406949452273047 0.00763174715787285
        -1.99490878235045 0.997878659312686 0.0406260592078151 0.00761882612908504
        -1.99491740787802 0.997882253282507 0.0405574060051439 0.00760594877833531
        -1.99492600422833 0.997885835095137 0.0404889844409979 0.00759311488452541
        -1.99493457154918 0.997889404812157 0.0404207933450227 0.007580324228047
        -1.99494310998736 0.997892962494732 0.0403528315547383 0.00756757659076923
        -1.99495161968868 0.997896508203618 0.0402850979154632 0.00755487175602587
        -1.99496010079798 0.99790004199916 0.0402175912802623 0.0075422095086024
        -1.99496855345912 0.9979035639413 0.0401503105098691 0.0075295896347285
        -1.99497697781499 0.997907074089577 0.0400832544726324 0.00751701192205578
        -1.99498537400752 0.997910572503134 0.040016422044447 0.00750447615965788
        -1.99499374217772 0.997914059240718 0.0399498121086896 0.00749198213801217
        -1.99416909620991 0.99750104123282 0.0465112325646633 0.0091378696333142
        -1.99417879417879 0.997505197505198 0.0464341008207949 0.00912271298965717
        -1.99418845994188 0.997509339975093 0.0463572244735353 0.00910760654188536
        -1.99419809365935 0.997513468711148 0.0462806022564948 0.00909255004105525
        -1.99420769549028 0.997517583781547 0.0462042329116485 0.00907754323986598
        -1.99421726559273 0.997521685254027 0.0461281151892567 0.00906258589264608
        -1.99422680412371 0.997525773195876 0.046052247847804 0.00904767775534054
        -1.99423631123919 0.99752984767394 0.0459766296539303 0.00903281858549798
        -1.99424578709412 0.997533908754624 0.0459012593823545 0.00901800814225684
        -1.99425523184243 0.997537956503898 0.0458261358158296 0.00900324618633297
        -1.99426464563703 0.9975419909873 0.045751257745053 0.00898853248000586
        -1.99427402862986 0.997546012269939 0.0456766239686193 0.00897386678710799
        -1.99428338097183 0.997550020416497 0.0456022332929447 0.00895924887300747
        -1.99429270281288 0.997554015491235 0.0455280845322132 0.00894467850460234
        -1.99430199430199 0.997557997557998 0.0454541765083061 0.00893015545030185
        -1.99431125558716 0.997561966680211 0.0453805080507443 0.00891567948001892
        -1.99432048681542 0.997565922920893 0.0453070779966183 0.00890125036515244
        -1.99432968813285 0.997569866342649 0.0452338851905374 0.00888686787858362
        -1.99433885968459 0.997573797007683 0.0451609284845684 0.00887253179465608
        -1.99434800161486 0.997577714977796 0.0450882067381642 0.00885824188916784
        -1.99435711406691 0.997581620314389 0.0450157188181155 0.00884399793935753
         -1.9943661971831 0.997585513078471 0.0449434635984929 0.00882979972389597
        -1.99437525110486 0.997589393330655 0.0448714399605752 0.00881564702287507
        -1.99438427597272 0.997593261131167 0.0447996467928089 0.00880153961778873
        -1.99439327192631 0.997597116539848 0.0447280829907388 0.00878747729153195
        -1.99440223910436 0.997600959616154 0.0446567474569548 0.00877345982838351
        -1.99441117764471 0.997604790419162 0.0445856391010384 0.00875948701399576
        -1.99442008768434 0.997608609007573 0.0445147568395079 0.00874555863538529
        -1.99442896935933 0.997612415439713 0.0444440995957507 0.00873167448092049
        -1.99443782280493 0.99761620977354 0.0443736662999914 0.00871783434031181
        -1.99444664815549 0.99761999206664 0.0443034558892137 0.00870403800460151
        -1.99445544554455 0.997623762376238 0.0442334673071265 0.00869028526615034
        -1.99446421510478 0.997627520759193 0.0441636995041002 0.0086765759186318
        -1.99447295696802 0.997631267272009 0.0440941514371129 0.00866290975701878
        -1.99448167126527 0.997635001970832 0.0440248220697104 0.00864928657757247
        -1.99449035812672 0.997638724911452 0.0439557103719395 0.00863570617783305
        -1.99449901768173 0.997642436149312 0.043886815320306 0.00862216835661433
        -1.99450765005885 0.997646135739506 0.0438181358977232 0.00860867291398559
        -1.99451625538582 0.99764982373678 0.04374967109346 0.00859521965126664
         -1.9945248337896 0.997653500195542 0.0436814199030966 0.00858180837101807
        -1.99453338539633 0.997657165169855 0.0436133813284627 0.00856843887703151
        -1.99454191033138 0.99766081871345 0.0435455543776051 0.00855511097431716
        -1.99455040871935 0.99766446087972 0.0434779380647274 0.00854182446909801
        -1.99455888068403 0.997668091721726 0.0434105314101458 0.00852857916879923
        -1.99456732634847 0.9976717112922 0.0433433334402462 0.00851537488203835
        -1.99457574583495 0.997675319643549 0.0432763431874292 0.00850221141861462
        -1.99458413926499 0.997678916827853 0.043209559690073 0.00848908858950415
        -1.99459250675937 0.997682502896871 0.0431429819924762 0.00847600620684652
         -1.9946008484381 0.997686077902044 0.0430766091448263 0.00846296408393687
        -1.99460916442049 0.997689641894494 0.0430104402031386 0.00844996203522097
        -1.99461745482507 0.997693194925029 0.0429444742292215 0.00843699987627877
        -1.99462571976967 0.997696737044146 0.0428787102906334 0.00842407742382356
        -1.99463395937141 0.997700268302031 0.0428131474606364 0.00841119449568772
        -1.99464217374665 0.997703788748565 0.042747784818145 0.00839835091081653
        -1.99465036301108 0.997707298433321 0.0426826214476961 0.00838554648926193
        -1.99465852727966 0.99771079740557 0.0426176564393987 0.00837278105216877
        -1.99466666666667 0.997714285714286 0.0425528888888902 0.00836005442176901
        -1.99467478128566 0.99771776340814 0.0424883178972983 0.00834736642137512
        -1.99468287124953 0.997721230535511 0.042423942571201 0.00833471687537068
        -1.99469093667046 0.997724687144482 0.0423597620225813 0.00832210560920288
        -1.99469897765998 0.997728133282847 0.0422957753687836 0.00830953244937138
        -1.99470699432892 0.99773156899811 0.0422319817324848 0.00829699722342347
        -1.99471498678747 0.997734994337486 0.0421683802416375 0.00828449975994738
        -1.99472295514512 0.997738409347908 0.0421049700294489 0.00827203988856029
        -1.99473089951073 0.997741814076026 0.0420417502343238 0.00825961743990389
        -1.99473881999248 0.997745208568207 0.0419787199998414 0.00824723224563551
        -1.99474671669794 0.997748592870544 0.0419158784747022 0.00823488413842144
        -1.99475458973398 0.99775196702885 0.0418532248127033 0.00822257295192719
        -1.99476243920688 0.997755331088664 0.0417907581726844 0.00821029852081079
        -1.99477026522226 0.997758685095256 0.0417284777185092 0.00819806068071971
        -1.99477806788512 0.997762029093622 0.0416663826190113 0.00818585926827575
        -1.99478584729981 0.997765363128492 0.0416044720479665 0.00817369412107416
         -1.9947936035701 0.997768687244329 0.0415427451840564 0.00816156507767296
        -1.99480133679911 0.997772001485332 0.0414812012108232 0.00814947197758986
        -1.99480904708936 0.997775305895439 0.0414198393166494 0.0081374146612867
        -1.99481673454276 0.997778600518327 0.0413586586947048 0.00812539297017389
        -1.99482439926063 0.997781885397412 0.0412976585429181 0.00811340674659444
        -1.99483204134367 0.997785160575858 0.0412368380639521 0.00810145583382127
          -1.994839660892 0.997788426096572 0.04117619646515 0.0080895400760479
        -1.99484725800515 0.997791682002208 0.0411157329585148 0.00807765931838533
        -1.99485483278207 0.997794928335171 0.0410554467606747 0.00806581340685186
         -1.9948623853211 0.997798165137615 0.0409953370928378 0.00805400218836816
        -1.99413704653719 0.997618175155735 0.0467661308092282 0.00840530324442978
        -1.99414562751555 0.997621661178193 0.0466978851668483 0.00839303446419049
         -1.9941541834125 0.997625137011326 0.0466298384137378 0.00838080144767783
        -1.99416271433783 0.997628602699745 0.0465619896817309 0.00836860403874251
        -1.99417122040073 0.997632058287796 0.0464943381077028 0.00835644208214292
        -1.99417970170971 0.997635503819571 0.046426882833547 0.00834431542353853
        -1.99418815837268 0.997638939338903 0.0463596230061203 0.00833222390948496
        -1.99419659049692 0.997642364889373 0.0462925577772229 0.00832016738742247
        -1.99420499818906 0.997645780514306 0.0462256863035488 0.0083081457056764
        -1.99421338155515 0.997649186256781 0.0461590077466649 0.00829615871344513
        -1.99422174070061 0.997652582159624 0.0460925212729641 0.0082842062607984
        -1.99423007573026 0.997655968265416 0.0460262260536375 0.00827228819866654
        -1.99423838674829 0.997659344616493 0.0459601212646348 0.00826040437883613
        -1.99424667385832 0.997662711254944 0.0458942060866345 0.00824855465394814
        -1.99425493716338 0.997666068222621 0.0458284797050101 0.00823673887748244
        -1.99426317676587 0.997669415561133 0.0457629413097944 0.00822495690376135
        -1.99427139276763 0.997672753311851 0.0456975900956422 0.00821320858793717
        -1.99427958526993 0.99767608151591 0.0456324252618074 0.00820149378598956
        -1.99428775437344 0.997679400214209 0.0455674460121021 0.00818981235471972
        -1.99429590017825 0.997682709447415 0.0455026515548678 0.00817816415174066
        -1.99430402278391 0.997686009255963 0.045438041102944 0.0081665490354772
        -1.99431212228937 0.997689299680057 0.0453736138736307 0.00815496686515482
        -1.99432019879304 0.997692580759673 0.0453093690886597 0.00814341750079972
        -1.99432825239277 0.997695852534562 0.0452453059741718 0.00813190080322546
        -1.99433628318584 0.997699115044248 0.0451814237606705 0.00812041663403562
          -1.994344291269 0.997702368328031 0.0451177216830025 0.00810896485561363
        -1.99435227673844 0.997705612424991 0.0450541989803241 0.00809754533111517
        -1.99436023968981 0.997708847373987 0.0449908548960689 0.00808615792447087
        -1.99436818021823 0.997712073213657 0.0449276886779195 0.00807480250037163
        -1.99437609841828 0.997715289982425 0.0448646995777757 0.00806347892426773
        -1.99438399438399 0.997718497718498 0.0448018868517295 0.00805218706236621
         -1.9943918682089 0.997721696459867 0.0447392497600312 0.00804092678161794
          -1.994399719986 0.997724886244312 0.0446767875670648 0.00802969794972075
        -1.99440754980776 0.997728067109402 0.0446144995413125 0.00801850043510788
        -1.99441535776614 0.997731239092496 0.0445523849553329 0.00800733410694798
         -1.9944231439526 0.997734402230742 0.0444904430857314 0.00799619883513403
        -1.99443090845806 0.997737556561086 0.0444286732131278 0.00798509449028462
        -1.99443865137296 0.997740702120264 0.0443670746221301 0.007974020943736
        -1.99444637278723 0.997743838944811 0.0443056466013143 0.00796297806753454
        -1.99445407279029 0.997746967071057 0.0442443884431807 0.00795196573443624
         -1.9944617514711 0.997750086535133 0.0441832994441516 0.00794098381790009
        -1.99446940891808 0.997753197372969 0.0441223789045129 0.00793003219208366
        -1.99447704521919 0.997756299620297 0.0440616261284195 0.00791911073183549
        -1.99448466046191 0.997759393312651 0.04400104042384 0.00790821931269514
        -1.99449225473322 0.99776247848537 0.0439406211025553 0.00789735781088474
        -1.99449982811963 0.997765555173599 0.0438803674801154 0.00788652610330409
        -1.99450738070717 0.99776862341229 0.0438202788758186 0.00787572406753112
        -1.99451491258142 0.997771683236202 0.0437603546126883 0.00786495158181078
        -1.99452242382746 0.997774734679904 0.0437005940174444 0.00785420852505192
        -1.99452991452991 0.997777777777778 0.0436409964204838 0.00784349477682822
        -1.99453738477296 0.997780812564015 0.0435815611558432 0.00783281021736526
         -1.9945448346403 0.997783839072622 0.043522287561192 0.00782215472754411
        -1.99455226421519 0.997786857337419 0.0434631749777914 0.00781152818889108
        -1.99455967358041 0.997789867392044 0.0434042227504747 0.00780093048357422
        -1.99456706281834 0.997792869269949 0.0433454302276317 0.00779036149440371
        -1.99457443201085 0.997795863004408 0.043286796761171 0.00777982110482034
        -1.99458178123942 0.997798848628513 0.0432283217065095 0.00776930919889596
        -1.99458911058505 0.997801826175178 0.0431700044225369 0.00775882566133079
        -1.99459642012834 0.997804795677136 0.0431118442716016 0.00774837037744192
        -1.99460370994941 0.997807757166948 0.0430538406194803 0.00773794323316768
        -1.99461098012799 0.997810710676996 0.0429959928353618 0.00772754411505572
        -1.99461823074336 0.997813656239489 0.0429383002918176 0.0077171729102683
        -1.99462546187437 0.997816593886463 0.0428807623647831 0.00770682950656587
        -1.99463267359946 0.997819523649782 0.0428233784335337 0.00769651379231551
        -1.99463986599665 0.997822445561139 0.0427661478806645 0.00768622565647847
        -1.99464703914353 0.997825359652058 0.0427090700920658 0.00767596498860978
        -1.99465419311727 0.997828265953892 0.0426521444569019 0.00766573167885154
        -1.99466132799466 0.997831164497831 0.0425953703675876 0.00765552561793248
        -1.99466844385205 0.997834055314895 0.0425387472197709 0.00764534669716355
        -1.99467554076539 0.99783693843594 0.0424822744123077 0.00763519480843033
        -1.99468261881024 0.997839813891658 0.0424259513472425 0.00762506984419575
        -1.99468967806173 0.997842681712579 0.0423697774297889 0.00761497169748626
        -1.99469671859463 0.997845541929069 0.0423137520682975 0.00760490026190119
        -1.99470374048328 0.997848394571334 0.0422578746742577 0.00759485543159677
        -1.99471074380165 0.997851239669421 0.0422021446622498 0.00758483710129143
        -1.99471772862331 0.997854077253219 0.0421465614499485 0.00757484516625473
        -1.99472469502143 0.997856907352456 0.0420911244580839 0.00756487952230867
        -1.99473164306882 0.997859729996707 0.0420358331104378 0.00755494006582635
        -1.99473857283788 0.99786254521539 0.0419806868338117 0.00754502669371915
        -1.99474548440066 0.997865353037767 0.0419256850580094 0.00753513930344241
         -1.9947523778288 0.997868153492949 0.0418708272158224 0.00752527779298662
        -1.99475925319358 0.997870946609892 0.0418161127430032 0.00751544206087651
        -1.99476611056591 0.997873732417403 0.0417615410782535 0.00750563200616616
        -1.99477295001633 0.997876510944136 0.0417071116631966 0.00749584752843813
        -1.99477977161501 0.997879282218597 0.0416528239423695 0.00748608852779187
        -1.99478657543174 0.997882046269143 0.04159867736319 0.00747635490485443
        -1.99479336153596 0.997884803123983 0.0415446713759522 0.00746664656076268
        -1.99480012999675 0.99788755281118 0.0414908054337957 0.0074569633971695
        -1.99480688088283 0.99789029535865 0.041437078992697 0.00744730531623627
        -1.99481361426256 0.997893030794165 0.0413834915114446 0.00743767222063108
        -1.99482033020395 0.997895759145354 0.0413300424516194 0.00742806401352558
        -1.99482702877465 0.997898480439703 0.0412767312775877 0.00741848059858796
        -1.99483371004198 0.997901194704553 0.041223557456469 0.00740892187998732
        -1.99484037407288 0.997903901967107 0.041170520458131 0.00739938776238125
        -1.99484702093398 0.997906602254428 0.0411176197551608 0.0073898781509234
        -1.99485365069154 0.997909295593438 0.0410648548228565 0.00738039295124748
         -1.9948602634115 0.997911982010922 0.0410122251392018 0.00737093206947792
        -1.99486685915945 0.997914661533526 0.0409597301848574 0.00736149541221431
        -1.99487343800064 0.99791733418776 0.0409073694431417 0.00735208288653721
                 -1.99488 0.99792 0.0408551423999999 0.00734269439999968
        -1.99488654522212 0.997922658996484 0.0408030485440136 0.00733332986062907
        -1.99489307373125 0.99792531120332 0.0407510873663579 0.00732398917691857
        -1.99489958559133 0.997927956646477 0.0406992583608048 0.00731467225782856
        -1.99490608086597 0.997930595351799 0.0406475610236932 0.00730537901278083
        -1.99491255961844 0.997933227344992 0.0405959948539198 0.00729610935165992
        -1.99491902191172 0.997935852651635 0.0405445593529201 0.00728686318480243
        -1.99492546780844 0.997938471297177 0.0404932540246552 0.00727764042300239
        -1.99493189737092 0.997941083306937 0.0404420783755892 0.00726844097750368
        -1.99493831066118 0.997943688706106 0.0403910319146839 0.00725926475999961
        -1.99494470774092 0.997946287519747 0.0403401141533699 0.00725011168262668
        -1.99495108867151 0.997948879772799 0.0402893246055473 0.0072409816579655
        -1.99495745351402 0.997951465490073 0.0402386627875497 0.00723187459903585
        -1.99496380232924 0.997954044696254 0.0401881282181513 0.00722279041929541
        -1.99497013517762 0.997956617415907 0.0401377204185387 0.00721372903263573
        -1.99497645211931 0.997959183673469 0.0400874389122876 0.00720469035337867
        -1.99498275321417 0.997961743493258 0.0400372832253701 0.00719567429627643
        -1.99498903852177 0.997964296899468 0.0399872528861245 0.00718668077650664
        -1.99499530810134 0.997966843916171 0.0399373474252389 0.00717770970967146
        -1.99500156201187 0.997969384567323 0.0398875663757448 0.00716876101179276
        -1.99500780031201 0.997971918876755 0.0398379092730021 0.00715983459931202
        -1.99501402306014 0.997974446868183 0.0397883756546733 0.00715093038908465
        -1.99502023031435 0.997976968565204 0.0397389650607263 0.00714204829837994
        -1.99502642213242 0.997979483991296 0.0396896770334099 0.00713318824487841
        -1.99503259857187 0.997981993169823 0.0396405111172307 0.00712435014666735
        -1.99503875968992 0.997984496124031 0.0395914668589636 0.00711553392223996
        -1.99504490554351 0.997986992877052 0.0395425438076131 0.00710673949049312
         -1.9950510361893 0.997989483451902 0.0394937415144181 0.00709796677072339
        -1.99505715168366 0.997991967871486 0.0394450595328255 0.00708921568262566
        -1.99506325208269 0.997994446158593 0.0393964974184797 0.00708048614628964
        -1.99506933744222 0.997996918335901 0.0393480547292153 0.00707177808219761
        -1.99507540781779 0.997999384425977 0.039299731025034 0.00706309141122619
        -1.99508146326468 0.998001844451276 0.039251525868103 0.00705442605463702
        -1.99508750383789 0.998004298434142 0.039203438822728 0.00704578193407635
        -1.99509352959215 0.998006746396811 0.0391554694553502 0.00703715897157897
        -1.99509954058193 0.998009188361409 0.0391076173345297 0.00702855708955497
        -1.99510553686143 0.998011624349954 0.0390598820309371 0.00701997621079764
        -1.99511151848457 0.998014054384357 0.0390122631173284 0.00701141625847645
        -1.99511748550504 0.99801647848642 0.038964760168545 0.00700287715613301
        -1.99512343797623 0.998018896677842 0.0389173727614978 0.00699435882768151
        -1.99512937595129 0.998021308980213 0.0388701004751546 0.00698586119740785
        -1.99513529948313 0.99802371541502 0.0388229428905209 0.00697738418996385
        -1.99514120862435 0.998026116003644 0.0387758995906342 0.0069689277303655
        -1.99514710342736 0.998028510767364 0.0387289701605553 0.00696049174399471
        -1.99515298394426 0.998030899727355 0.038682154187347 0.00695207615659221
        -1.99515885022693 0.99803328290469 0.0386354512600686 0.00694368089425801
        -1.99516470232699 0.998035660320339 0.0385888609697584 0.00693530588344737
         -1.9951705402958 0.99803803199517 0.0385423829094265 0.00692695105097352
         -1.9951763641845 0.998040397949955 0.0384960166740438 0.00691861632399737
        -1.99518217404396 0.99804275820536 0.0384497618605284 0.00691030163003337
        -1.99518796992481 0.998045112781955 0.0384036180677256 0.00690200689694231
        -1.99519375187744 0.99804746170021 0.0383575848964117 0.00689373205293009
          -1.995199519952 0.998049804980498 0.0383116619492725 0.00688547702655073
        -1.99520527419838 0.998052142643093 0.0382658488308962 0.00687724174669446
        -1.99521101466627 0.998054474708171 0.0382201451477524 0.00686902614259566
        -1.99521674140508 0.998056801195815 0.0381745505081987 0.00686083014382399
        -1.99522245446402 0.998059122126008 0.0381290645224528 0.00685265368028531
        -1.99522815389204 0.99806143751864 0.038083686802592 0.00684449668221987
        -1.99523383973786 0.998063747393506 0.0380384169625323 0.00683635908020008
        -1.99523951204999 0.998066051770306 0.0379932546180299 0.00682824080512567
        -1.99524517087667 0.998068350668648 0.0379481993866584 0.00682014178822721
        -1.99525081626595 0.998070644108044 0.0379032508878065 0.00681206196105943
        -1.99525644826564 0.998072932107916 0.0378584087426628 0.00680400125550129
         -1.9952620669233 0.998075214687593 0.0378136725742042 0.00679595960375412
        -1.99526767228631 0.998077491866312 0.0377690420071932 0.00678793693833857
        -1.99527326440177 0.99807976366322 0.0377245166681579 0.00677993319209635
        -1.99527884331661 0.998082030097374 0.0376800961853831 0.00677194829818006
        -1.99528440907751 0.998084291187739 0.0376357801889071 0.00676398219006247
        -1.99528996173094 0.998086546953194 0.0375915683105035 0.00675603480152587
        -1.99529550132314 0.998088797412526 0.0375474601836761 0.00674810606666432
        -1.99530102790015 0.998091042584435 0.0375034554436446 0.00674019591988051
        -1.99530654150777 0.998093282487533 0.0374595537273379 0.00673230429588578
        -1.99531204219162 0.998095517140346 0.0374157546733862 0.00672443112969523
        -1.99531752999707 0.998097746561311 0.0373720579221004 0.00671657635662681
        -1.99532300496931 0.998099970768781 0.0373284631154736 0.00670873991230225
        -1.99532846715328 0.998102189781022 0.0372849698971702 0.00670092173264392
        -1.99533391659376 0.998104403616215 0.0372415779125106 0.00669312175386994
        -1.99533935333528 0.998106612292456 0.037198286808465 0.00668533991249731
        -1.99534477742217 0.998108815827757 0.03715509623364 0.00667757614533659
        -1.99535018889858 0.998111014240046 0.0371120058382761 0.00666983038949231
        -1.99535558780842 0.99811320754717 0.0370690152742359 0.006662102582359
        -1.99536097419542 0.998115395766889 0.0370261241949859 0.00665439266162382
         -1.9953663481031 0.998117578916884 0.0369833322556037 0.00664670056525862
        -1.99537170957478 0.998119757014753 0.0369406391127516 0.00663902623152568
        -1.99537705865357 0.998121930078012 0.0368980444246834 0.00663136959896837
         -1.9953823953824 0.998124098124098 0.0368555478512178 0.00662373060641475
        -1.99538771980398 0.998126261170366 0.0368131490537493 0.00661610919297528
        -1.99539303196084 0.998128419234092 0.0367708476952178 0.00660850529803803
        -1.99539833189531 0.99813057233247 0.0367286434401208 0.00660091886127256
        -1.99482907210572 0.997989083596668 0.0412604691731158 0.00687839538658652
         -1.9948350071736 0.997991391678623 0.0412132340076035 0.00687051907230973
        -1.99484092863285 0.997993694468329 0.0411661068677454 0.00686266077532593
         -1.9948468365302 0.997995991983968 0.0411190873833878 0.00685482043388275
        -1.99485273091221 0.997998284243637 0.0410721751860681 0.00684699798650845
        -1.99485861182519 0.998000571265353 0.0410253699090024 0.00683919337201599
        -1.99486447931526 0.998002853067047 0.0409786711870748 0.00683140652949454
        -1.99487033342833 0.998005129666572 0.0409320786568372 0.0068236373983086
        -1.99487617421008 0.998007401081697 0.0408855919564832 0.00681588591810023
          -1.994882001706 0.998009667330111 0.0408392107258546 0.00680815202878682
        -1.99488781596137 0.998011928429423 0.040792934606424 0.00680043567055488
        -1.99489361702128 0.998014184397163 0.0407467632412857 0.00679273678386361
        -1.99489940493058 0.998016435250779 0.0407006962751488 0.00678505530944262
        -1.99490517973394 0.998018681007642 0.0406547333543283 0.0067773911882858
        -1.99491094147583 0.998020921685044 0.0406088741267343 0.00676974436165656
        -1.99491669020051 0.998023157300198 0.0405631182418613 0.00676211477108346
        -1.99492242595205 0.99802538787024 0.0405174653507903 0.00675450235835484
         -1.9949281487743 0.998027613412229 0.0404719151061563 0.00674690706552328
        -1.99493385871095 0.998029833943147 0.0404264671621704 0.00673932883490291
        -1.99493955580545 0.998032049479899 0.0403811211745833 0.00673176760906324
         -1.9949452401011 0.998034260039315 0.0403358768006967 0.006724223330834
        -1.99495091164095 0.998036465638149 0.0402907336993419 0.00671669594330115
        -1.99495657046792 0.998038666293079 0.040245691530874 0.00670918538980292
        -1.99496221662469 0.998040862020711 0.0402007499571724 0.00670169161393286
        -1.99496785015376 0.998043052837573 0.0401559086416174 0.00669421455953412
        -1.99497347109746 0.998045238760123 0.0401111672490977 0.00668675417070208
        -1.99497907949791 0.998047419804742 0.0400665254459831 0.00667931039178038
        -1.99498467539705 0.99804959598774 0.0400219829001358 0.00667188316736045
        -1.99499025883663 0.998051767325355 0.0399775392808888 0.00666447244227975
        -1.99499582985822 0.99805393383375 0.0399331942590475 0.00665707816161953
        -1.99500138850319 0.99805609552902 0.0398889475068671 0.00664970027070577
        -1.99500693481276 0.998058252427184 0.0398447986980628 0.00664233871510689
        -1.99501246882793 0.998060404544195 0.0398007475077886 0.00663499344063068
        -1.99501799058954 0.998062551895931 0.039756793612634 0.00662766439332563
        -1.99502350013824 0.998064694498203 0.0397129366906146 0.00662035151947782
         -1.9950289975145 0.99806683236675 0.0396691764211656 0.00661305476560869
        -1.99503448275862 0.998068965517241 0.0396255124851379 0.00660577407847862
        -1.99503995591072 0.99807109396528 0.0395819445647749 0.006598509405078
        -1.99504541701074 0.998073217726397 0.0395384723437306 0.00659126069263394
        -1.99505086609843 0.998075336816057 0.0394950955070357 0.00658402788860313
         -1.9950563032134 0.998077451249657 0.0394518137411044 0.00657681094067364
        -1.99506172839506 0.998079561042524 0.0394086267337297 0.00656960979675958
        -1.99506714168265 0.998081666209921 0.0393655341740615 0.00656242440500865
        -1.99507254311525 0.998083766767041 0.0393225357526124 0.00655525471379059
        -1.99507793273175 0.998085862729013 0.0392796311612482 0.0065481006717012
        -1.99508331057088 0.998087954110899 0.0392368200931728 0.00654096222756184
        -1.99508867667121 0.998090040927694 0.0391941022429272 0.0065338393304164
        -1.99509403107114 0.998092123194331 0.039151477306385 0.00652673192952902
        -1.99509937380888 0.998094200925674 0.0391089449807343 0.00651963997438632
        -1.99510470492249 0.998096274136524 0.0390665049644863 0.00651256341469209
        -1.99511002444988 0.998098342841619 0.0390241569574545 0.00650550220037083
        -1.99511533242877 0.998100407055631 0.0389819006607528 0.00649845628156198
        -1.99512062889672 0.998102466793169 0.0389397357767862 0.00649142560862304
        -1.99512591389115 0.998104522068779 0.0388976620092496 0.00648441013212153
        -1.99513118744928 0.998106572896943 0.0388556790631185 0.00647740980284395
        -1.99513644960821 0.998108619292083 0.038813786644635 0.00647042457178593
        -1.99514170040486 0.998110661268556 0.0387719844613077 0.00646345439015406
        -1.99514693987598 0.998112698840658 0.0387302722219118 0.00645649920936542
        -1.99515216805817 0.998114732022623 0.0386886496364625 0.00644955898104849
        -1.99515738498789 0.998116760828625 0.0386471164162305 0.00644263365703557
        -1.99516259070142 0.998118785272776 0.038605672273718 0.00643572318936814
         -1.9951677852349 0.998120805369128 0.0385643169226615 0.0064288275302915
         -1.9951729686243 0.998122821131671 0.0385230500780231 0.00642194663225659
        -1.99517814090544 0.998124832574337 0.0384818714559856 0.00641508044791861
          -1.995183302114 0.998126839710998 0.0384407807739393 0.00640822893013304
        -1.99518845228549 0.998128842555466 0.038399777750481 0.00640139203195789
        -1.99519359145527 0.998130841121495 0.0383588621054152 0.00639456970664964
        -1.99519871965858 0.998132835422779 0.0383180335597277 0.00638776190766555
        -1.99520383693046 0.998134825472955 0.0382772918355965 0.00638096858866044
        -1.99520894330583 0.9981368112856 0.0382366366563804 0.00637418970348635
        -1.99521403881946 0.998138792874236 0.0381960677466111 0.00636742520618983
        -1.99521912350598 0.998140770252324 0.0381555848319852 0.00636067505101323
        -1.99522419739984 0.998142743433271 0.0381151876393702 0.00635393919239347
        -1.99522926053538 0.998144712430427 0.038074875896779 0.00634721758495971
        -1.99523431294678 0.998146677257082 0.0380346493333779 0.00634051018353121
        -1.99523935466808 0.998148637926474 0.0379945076794765 0.0063338169431213
        -1.99524438573316 0.998150594451783 0.0379544506665219 0.00632713781893024
        -1.99524940617577 0.998152546846134 0.0379144780270924 0.00632047276634795
        -1.99525441602953 0.998154495122594 0.0378745894948924 0.00631382174095263
        -1.99525941532789 0.99815643929418 0.0378347848047422 0.00630718469850855
        -1.99526440410418 0.998158379373849 0.037795063692581 0.0063005615949665
        -1.99526938239159 0.998160315374507 0.0377554258954529 0.00629395238646158
        -1.99527435022316 0.998162247309005 0.0377158711515015 0.00628735702931316
        -1.99527930763179 0.998164175190139 0.0376763991999702 0.00628077548002226
        -1.99528425465025 0.998166099030652 0.0376370097811929 0.00627420769527332
        -1.99528919131117 0.998168018843235 0.0375977026365888 0.00626765363193105
        -1.99529411764706 0.998169934640523 0.0375584775086502 0.00626111324704226
        -1.99529903369026 0.998171846435101 0.037519334140951 0.0062545864978274
          -1.995303939473 0.998173754239499 0.0374802722781258 0.00624807334169253
        -1.99530883502737 0.998175658066198 0.0374412916658766 0.00624157373621381
        -1.99531372038532 0.998177557927623 0.0374023920509607 0.00623508763914993
        -1.99531859557867 0.998179453836151 0.037363573181187 0.00622861500843008
        -1.99532346063913 0.998181345804105 0.0373248348054087 0.00622215580216023
        -1.99532831559824 0.998183233843758 0.0372861766735202 0.00621570997862086
        -1.99533316048743 0.998185117967332 0.0372475985364531 0.00620927749626254
          -1.995337995338 0.998186998186998 0.0372091001461641 0.00620285831371037
        -1.99534282018111 0.998188874514877 0.0371706812556383 0.00619645238975819
        -1.99534763504782 0.99819074696304 0.0371323416188805 0.00619005968337172
        -1.99535243996902 0.998192615543506 0.0370940809909026 0.00618368015368409
         -1.9953572349755 0.998194480268249 0.0370558991277381 0.00617731375999764
        -1.99536202009791 0.998196341149188 0.037017795786408 0.006170960461783
         -1.9953667953668 0.998198198198198 0.0369797707249457 0.00616462021867425
        -1.99537156081255 0.998200051427102 0.0369418237023673 0.0061582929904751
        -1.99537631646545 0.998201900847675 0.0369039544786833 0.00615197873715223
        -1.99538106235566 0.998203746471645 0.036866162814885 0.0061456774188362
         -1.9953857985132 0.99820558831069 0.0368284484729422 0.006139388995821
        -1.99539052496799 0.99820742637644 0.0367908112157984 0.0061331134285636
        -1.99539524174981 0.998209260680481 0.0367532508073634 0.00612685067768037
        -1.99539994888832 0.998211091234347 0.0367157670125113 0.0061206007039516
        -1.99540464641307 0.998212918049528 0.0366783595970741 0.00611436346831384
        -1.99540933435348 0.998214741137465 0.0366410283278373 0.00610813893186712
        -1.99541401273885 0.998216560509554 0.0366037729725335 0.00610192705586465
        -1.99541868159837 0.998218376177144 0.0365665932998436 0.00609572780172085
         -1.9954233409611 0.998220188151538 0.0365294890793795 0.00608954113100557
        -1.99542799085598 0.998221996443993 0.0364924600816945 0.00608336700544365
        -1.99543263131185 0.998223801065719 0.0364555060782674 0.0060772053869167
        -1.99543726235741 0.998225602027883 0.0364186268415043 0.00607105623746085
        -1.99544188402127 0.998227399341605 0.0363818221447278 0.00606491951926191
         -1.9954464963319 0.998229193017961 0.036345091762179 0.00605879519466246
        -1.99545109931766 0.998230983067981 0.0363084354690102 0.00605268322615737
        -1.99545569300682 0.998232769502651 0.036271853041276 0.00604658357638854
        -1.99546027742749 0.998234552332913 0.0362353442559336 0.00604049620815106
        -1.99546485260771 0.998236331569665 0.0361989088908441 0.00603442108439189
        -1.99546941857538 0.99823810722376 0.0361625467247482 0.00602835816820146
        -1.99547397535831 0.99823987930601 0.0361262575372887 0.00602230742282339
        -1.99547852298417 0.998241647827179 0.0360900411089826 0.00601626881164563
        -1.99548306148055 0.998243412797992 0.0360538972212296 0.00601024229820446
        -1.99548759087491 0.99824517422913 0.0360178256563035 0.00600422784618138
        -1.99549211119459 0.99824693213123 0.0359818261973484 0.00599822541940309
        -1.99549662246685 0.998248686514886 0.0359458986283734 0.00599223498184021
