                     -0.4 0.4 2.56 0.56
        -1.11111111111111 0.666666666666667 3.95061728395062 0.666666666666667
        -1.38461538461538 0.769230769230769 3.40828402366864 0.556213017751479
        -1.52941176470588 0.823529411764706 2.87889273356401 0.463667820069204
        -1.61904761904762 0.857142857142857 2.4671201814059 0.394557823129252
                    -1.68 0.88 2.1504 0.3424
        -1.72413793103448 0.896551724137931 1.9024970273484 0.302021403091557
        -1.75757575757576 0.909090909090909 1.70431588613407 0.269972451790634
        -1.78378378378378 0.918918918918919 1.5427319211103 0.243973703433162
        -1.80487804878049 0.926829268292683 1.40868530636526 0.222486615110054
        -1.82222222222222 0.933333333333333 1.2958024691358 0.204444444444444
        -1.83673469387755 0.938775510204082 1.19950020824656 0.189087880049979
        -1.84905660377358 0.943396226415094 1.11641153435386 0.175863296546814
        -1.85964912280702 0.947368421052632 1.0440135426285 0.164358264081256
        -1.86885245901639 0.950819672131147 0.980381617844666 0.154259607632357
        -1.87692307692308 0.953846153846154 0.924023668639053 0.145325443786982
        -1.88405797101449 0.956521739130435 0.873766015542953 0.137366099558916
        -1.89041095890411 0.958904109589041 0.828673297053856 0.130230812535185
         -1.8961038961039 0.961038961038961 0.787991229549672 0.123798279642436
        -1.90123456790123 0.962962962962963 0.751105014479499 0.117969821673526
        -1.90588235294118 0.964705882352941 0.717508650519031 0.112664359861592
        -1.91011235955056 0.966292134831461 0.686781971973236 0.107814669864916
        -1.91397849462366 0.967741935483871 0.658573245461902 0.103364550815123
        -1.91752577319588 0.969072164948454 0.632585822085238 0.0992666595812519
        -1.92079207920792 0.97029702970297 0.608567787471817 0.0954808352122343
        -1.92380952380952 0.971428571428571 0.586303854875283 0.0919727891156463
        -1.92660550458716 0.972477064220184 0.565608955475128 0.0887130712902948
        -1.92920353982301 0.973451327433628 0.54632312632156 0.0856762471610932
        -1.93162393162393 0.974358974358974 0.528307400102271 0.0828402366863905
        -1.93388429752066 0.975206611570248 0.511440475377364 0.0801857796598595
                   -1.936 0.976 0.495616 0.077696
        -1.93798449612403 0.976744186046512 0.480740340123791 0.0753560483144042
        -1.93984962406015 0.977443609022556 0.466730736615975 0.0731528068291034
        -1.94160583941606 0.978102189781022 0.45351377271032 0.0710746443603814
        -1.94326241134752 0.978723404255319 0.441024093355466 0.0691112117096728
         -1.9448275862069 0.979310344827586 0.429203329369798 0.0672532699167658
        -1.94630872483221 0.979865771812081 0.417999189225711 0.0654925453808386
        -1.94771241830065 0.980392156862745 0.407364688794909 0.0638216070742024
        -1.94904458598726 0.980891719745223 0.397257495233072 0.0622337620187432
        -1.95031055900621 0.981366459627329 0.38763936576521 0.0607229659349566
        -1.95151515151515 0.981818181818182 0.378475665748393 0.0592837465564737
        -1.95266272189349 0.982248520710059 0.369734953257939 0.057911137565211
        -1.95375722543353 0.982658959537572 0.361388619733368 0.0566006214708148
        -1.95480225988701 0.983050847457627 0.353410578058668 0.0553480800536241
        -1.95580110497238 0.983425414364641 0.345776990934343 0.0541497512285947
        -1.95675675675676 0.983783783783784 0.338466033601168 0.0530021913805694
        -1.95767195767196 0.984126984126984 0.331457685955041 0.0519022423784334
        -1.95854922279793 0.984455958549223 0.324733549893956 0.0508470026040975
        -1.95939086294416 0.984771573604061 0.31827668839702 0.0498338014378112
        -1.96019900497512 0.985074626865672 0.312071483379125 0.0488601767282995
         -1.9609756097561 0.985365853658537 0.306103509815586 0.0479238548483045
        -1.96172248803828 0.985645933014354 0.30035942400586 0.0470227329960391
        -1.96244131455399 0.985915492957746 0.294826864158347 0.0461548634530184
          -1.963133640553 0.986175115207373 0.289494361740534 0.0453184395506385
        -1.96380090497738 0.986425339366516 0.284351262259168 0.0445117831330228
        -1.96444444444444 0.986666666666667 0.279387654320988 0.043733333333333
        -1.96506550218341 0.986899563318777 0.274594305981962 0.0429816365057878
         -1.9656652360515 0.987124463519313 0.269962607526386 0.0422553371769609
         -1.9662447257384 0.987341772151899 0.265484519930922 0.0415531698979859
        -1.96680497925311 0.987551867219917 0.261152528365558 0.0408739518947674
        -1.96734693877551 0.987755102040816 0.256959600166597 0.0402165764264892
        -1.96787148594378 0.987951807228916 0.252899146787955 0.0395800067740848
        -1.96837944664032 0.988142292490119 0.248964989298381 0.0389632707900454
        -1.96887159533074 0.988326848249027 0.245151327045072 0.0383654559493709
        -1.96934865900383 0.988505747126437 0.241452709149895 0.0377857048487251
        -1.96981132075472 0.988679245283019 0.237864008543966 0.0372232111071558
        -1.97026022304833 0.988847583643123 0.234380398280843 0.0366772156272028
        -1.97069597069597 0.989010989010989 0.230997329898427 0.0361470031799702
        -1.97111913357401 0.989169675090253 0.227710513625878 0.0356318992818889
        -1.97153024911032 0.98932384341637 0.224515900254556 0.0351312673345068
         -1.9719298245614 0.989473684210526 0.221409664512159 0.0346445060018468
        -1.97231833910035 0.98961937716263 0.218388189796578 0.0341710468026011
        -1.97269624573379 0.989761092150171 0.215448054141573 0.0337103518969357
        -1.97306397306397 0.98989898989899 0.212586017299822 0.0332619120497903
         -1.9734219269103 0.990033222591362 0.209799008840962 0.0328252447544726
        -1.97377049180328 0.99016393442623 0.207084117172803 0.0323998925020157
        -1.97411003236246 0.990291262135922 0.204438579403231 0.031985421183272
        -1.97444089456869 0.990415335463259 0.201859771968685 0.03158141861201
        -1.97476340694006 0.990536277602524 0.199345201962405 0.0311874931584555
        -1.97507788161994 0.990654205607477 0.196892499102299 0.030803272483769
        -1.97538461538462 0.990769230769231 0.194499408284024 0.0304284023668644
        -1.97568389057751 0.990881458966565 0.192163782670153 0.0300625456158023
        -1.97597597597598 0.990990990990991 0.189883577270963 0.0297053810567323
        -1.97626112759644 0.991097922848665 0.187656842976516 0.0293566025940177
        -1.97653958944282 0.991202346041056 0.185481721003431 0.0290159183357557
         -1.9768115942029 0.991304347826087 0.183356437723168 0.0286830497794579
        -1.97707736389685 0.991404011461318 0.181279299841545 0.0283577310531111
        -1.97733711048159 0.991501416430595 0.179248689902014 0.0280397082072725
        -1.97759103641457 0.991596638655462 0.177263062087579 0.0277287385542451
        -1.97783933518006 0.991689750692521 0.175320938298508 0.0274245900507211
        -1.97808219178082 0.991780821917808 0.173420904484892 0.0271270407205852
        -1.97831978319783 0.991869918699187 0.171561607214988 0.0268358781148792
        -1.97855227882038 0.991957104557641 0.169741750461801 0.026550898806144
        -1.97877984084881 0.992042440318302 0.16796009259194 0.0262719079146412
        -1.97900262467192 0.992125984251969 0.166215443541999 0.0259987186641037
        -1.97922077922078 0.992207792207792 0.164506662169 0.0257311519649184
        -1.97943444730077 0.992287917737789 0.162832653762532 0.0254690360227592
        -1.97964376590331 0.99236641221374 0.161192367707139 0.0252122059709032
        -1.97984886649874 0.992443324937028 0.159584795284532 0.0249605035245448
        -1.98004987531172 0.992518703241895 0.158008967605923 0.0247137766556178
        -1.98024691358025 0.992592592592593 0.1564639536656 0.0244718792866943
        -1.98044009779951 0.992665036674817 0.154948858507542 0.0242346710026839
        -1.98062953995157 0.99273607748184 0.153462821497458 0.0240020167791331
        -1.98081534772182 0.992805755395683 0.152005014693282 0.0237737867260148
        -1.98099762470309 0.992874109263658 0.150574641307598 0.023549855845995
        -1.98117647058824 0.992941176470588 0.149170934256055 0.0233301038062286
        -1.98135198135198 0.993006993006993 0.147793154786163 0.0231144147228064
        -1.98152424942263 0.993071593533487 0.146440591181349 0.022902676957048
        -1.98169336384439 0.993135011441648 0.145112557535516 0.0226947829228825
        -1.98185941043084 0.993197278911565 0.143808392593622 0.0224906289046234
        -1.98202247191011 0.993258426966292 0.142527458654211 0.0222901148844841
        -1.98218262806236 0.993318485523385 0.141269140530056 0.022093144379244
        -1.98233995584989 0.993377483443709 0.140032844563349 0.0218996242854845
        -1.98249452954048 0.993435448577681 0.138817997692112 0.021709464732893
         -1.9826464208243 0.993492407809111 0.13762404656481 0.0215225789451394
        -1.98279569892473 0.993548387096774 0.136450456700196 0.0213388831078736
        -1.98294243070362 0.993603411513859 0.135296711689799 0.0211582962434251
         -1.9830866807611 0.993657505285412 0.134162312440496 0.0209807400918072
         -1.9832285115304 0.993710691823899 0.13304677645487 0.0208061389976666
        -1.98336798336798 0.993762993762994 0.131949637147143 0.0206344198028185
        -1.98350515463918 0.993814432989691 0.130870443192688 0.0204655117440748
        -1.98364008179959 0.993865030674847 0.129808757909176 0.0202993463560288
        -1.98377281947262 0.993914807302231 0.128764158667595 0.0201358573785533
        -1.98390342052314 0.993963782696177 0.12773623633147 0.0199749806687208
        -1.98003992015968 0.993013972055888 0.158087019573628 0.0217608694786078
        -1.98019801980198 0.993069306930693 0.156847367905108 0.0215900401921378
         -1.9803536345776 0.993123772102161 0.155627004681934 0.021421871924225
        -1.98050682261209 0.99317738791423 0.154425483244609 0.0212563029840136
        -1.98065764023211 0.993230174081238 0.153242370617571 0.0210932735727991
        -1.98080614203455 0.993282149712092 0.152077246989217 0.0209327257120333
        -1.98095238095238 0.993333333333333 0.150929705215418 0.0207746031746039
        -1.98109640831758 0.993383742911153 0.149799350345374 0.0206188514191985
         -1.9812382739212 0.99343339587242 0.148685799168572 0.0204654175276056
        -1.98137802607076 0.993482309124767 0.147588679781808 0.0203142501447799
         -1.9815157116451 0.993530499075786 0.146507631175238 0.0201652994215542
        -1.98165137614679 0.993577981651376 0.145442302836461 0.0200185169598521
        -1.98178506375228 0.993624772313297 0.14439235437175 0.0198738557602658
        -1.98191681735986 0.993670886075949 0.143357455143569 0.019731270171905
        -1.98204667863555 0.993716337522442 0.142337283923558 0.0195907158443696
        -1.98217468805704 0.993761140819964 0.141331528560217 0.0194521496817814
        -1.98230088495575 0.993805309734513 0.140339885660584 0.0193155297987309
        -1.98242530755712 0.993848857644991 0.139362060285212 0.0191808154780841
         -1.9825479930192 0.993891797556719 0.138397765655791 0.0190479671305313
        -1.98266897746967 0.993934142114385 0.137446722874849 0.0189169462558079
        -1.98278829604131 0.993975903614458 0.136508660656888 0.0187877154055114
        -1.98290598290598 0.994017094017094 0.135583315070495 0.0186602381474175
         -1.9830220713073 0.994057724957555 0.134670429290818 0.0185344790312492
        -1.98313659359191 0.994097807757167 0.133769753362017 0.0184104035558184
        -1.98324958123953 0.994137353433836 0.132881043969148 0.0182879781374772
        -1.98336106489185 0.994176372712146 0.132004064219091 0.0181671700798169
        -1.98347107438017 0.994214876033058 0.131138583430094 0.018047947544567
        -1.98357963875205 0.994252873563218 0.130284376929527 0.0179302795236214
         -1.9836867862969 0.994290375203915 0.129441225859503 0.0178141358121611
         -1.9837925445705 0.994327390599676 0.128608916989984 0.0176994869828122
        -1.98389694041868 0.994363929146538 0.127787242539046 0.0175863043607918
                   -1.984 0.9944 0.126976000000001 0.0174745600000001
        -1.98410174880763 0.994435612082671 0.126174991975049 0.0173642266600273
        -1.98420221169036 0.994470774091627 0.12538402601519 0.0172552777840167
        -1.98430141287284 0.994505494505495 0.124602914466113 0.0171476874773577
        -1.98439937597504 0.994539781591264 0.123831474319816 0.0170414304871729
        -1.98449612403101 0.994573643410853 0.12306952707169 0.0169364821825608
        -1.98459167950693 0.994607087827427 0.122316898582861 0.0168328185355686
        -1.98468606431853 0.994640122511485 0.121573418947538 0.0167304161028494
        -1.98477929984779 0.994672754946728 0.120838922365163 0.0166292520079971
        -1.98487140695915 0.994704992435703 0.120113247017194 0.0165293039245089
        -1.98496240601504 0.994736842105263 0.119396234948274 0.0164305500593591
        -1.98505231689088 0.994768310911809 0.118687731951621 0.0163329691371685
         -1.9851411589896 0.99479940564636 0.11798758745852 0.016236540384917
        -1.98522895125554 0.994830132939439 0.117295654431642 0.0161412435172115
        -1.98531571218796 0.994860499265786 0.116611789262141 0.0160470587220578
        -1.98540145985401 0.994890510948905 0.115935851670308 0.0159539666471309
        -1.98548621190131 0.994920174165457 0.115267704609655 0.0158619483865259
        -1.98556998556999 0.994949494949495 0.114607214174313 0.0157709854679555
        -1.98565279770445 0.994978479196557 0.113954249509581 0.0156810598403898
        -1.98573466476462 0.995007132667618 0.113308682725513 0.0155921538621211
        -1.98581560283688 0.995035460992908 0.11267038881344 0.0155042502892204
        -1.98589562764457 0.995063469675599 0.112039245565279 0.015417332264398
         -1.9859747545582 0.995091164095372 0.111415133495552 0.0153313833062207
         -1.9860529986053 0.995118549511855 0.110797935765985 0.0152463872986974
        -1.98613037447989 0.995145631067961 0.110187538112616 0.0151623284812086
        -1.98620689655172 0.995172413793103 0.109583828775268 0.015079191438764
        -1.98628257887517 0.99519890260631 0.108986698429364 0.0149969610925762
        -1.98635743519782 0.995225102319236 0.108396040119935 0.0149156226909541
        -1.98643147896879 0.995251017639077 0.107811749197763 0.0148351618004714
        -1.98650472334683 0.99527665317139 0.107233723257588 0.0147555642974351
        -1.98657718120805 0.995302013422819 0.106661862078285 0.014676816359624
        -1.98664886515354 0.995327102803738 0.106096067564941 0.0145989044582806
         -1.9867197875166 0.99535192563081 0.10553624369278 0.0145218153503737
        -1.98678996036988 0.995376486129458 0.104982296452834 0.0144455360710865
        -1.98685939553219 0.995400788436268 0.104434133799327 0.0143700539265539
        -1.98692810457516 0.995424836601307 0.103891665598701 0.0142953564868211
        -1.98699609882965 0.995448634590377 0.103354803580215 0.0142214315790183
        -1.98706338939198 0.995472186287193 0.102823461288072 0.0141482672807509
        -1.98712998712999 0.995495495495496 0.102297554035005 0.0140758519136894
        -1.98719590268886 0.995518565941101 0.101776998857304 0.0140041740373569
        -1.98726114649682 0.995541401273885 0.101261714471175 0.013933222443101
         -1.9873257287706 0.995564005069709 0.100751621230449 0.0138629861482582
        -1.98738965952081 0.995586380832282 0.100246641085539 0.0137934543904819
        -1.98745294855709 0.995608531994981 0.0997466975436438 0.0137246166222451
        -1.98751560549313 0.995630461922597 0.0992517156301194 0.013656462505514
        -1.98757763975155 0.995652173913044 0.0987616218510095 0.0135889819065618
         -1.9876390605686 0.995673671199011 0.0982763441566679 0.0135221648909587
        -1.98769987699877 0.995694956949569 0.0977958119064581 0.0134560017186893
        -1.98776009791922 0.995716034271726 0.0973199558344771 0.0133904828394176
         -1.9878197320341 0.995736906211937 0.0968487080162781 0.0133255988879015
        -1.98787878787879 0.995757575757576 0.0963820018365471 0.0132613406795228
        -1.98793727382388 0.995778045838359 0.0959197719577265 0.0131976992059553
        -1.98799519807923 0.995798319327731 0.0954619542895188 0.0131346656309583
        -1.98805256869773 0.995818399044206 0.095008485959271 0.0130722312862828
        -1.98810939357907 0.995838287752675 0.0945593052831892 0.0130103876677024
        -1.98816568047337 0.99585798816568 0.0941143517383853 0.0129491264311472
        -1.98822143698469 0.995877502944641 0.0936735659356742 0.0128884393889575
        -1.98827667057444 0.995896834701055 0.0932368895931734 0.012828318506231
        -1.98833138856476 0.995915985997666 0.0928042655106065 0.012768755897278
         -1.9883855981417 0.995934959349594 0.092375637544329 0.0127097438221764
        -1.98843930635838 0.995953757225434 0.0919509505830476 0.0126512746834173
        -1.98849252013809 0.995972382048331 0.0915301505241928 0.0125933410226429
        -1.98854524627721 0.995990836197022 0.0911131842509594 0.0125359355174779
        -1.98859749144812 0.996009122006842 0.0906999996099476 0.012479050978444
        -1.98864926220204 0.996027241770715 0.0902905453894238 0.0124226803459591
        -1.98870056497175 0.996045197740113 0.0898847712981574 0.0123668166874138
        -1.98875140607424 0.996062992125984 0.0894826279448484 0.0123114531943349
        -1.98880179171333 0.996080627099664 0.0890840668180672 0.0122565831796142
        -1.98885172798216 0.996098104793757 0.0886890402667628 0.0122022000748192
         -1.9889012208657 0.996115427302997 0.0882975014812732 0.0121482974275717
        -1.98895027624309 0.996132596685083 0.0879094044748321 0.0120948688989952
        -1.98899889988999 0.996149614961496 0.0875247040655651 0.0120419082612337
        -1.98904709748083 0.996166484118291 0.0871433558589629 0.011989409395023
        -1.98909487459106 0.99618320610687 0.0867653162307995 0.0119373662873454
        -1.98914223669924 0.996199782844734 0.0863905423104985 0.0118857730291273
        -1.98918918918919 0.996216216216216 0.0860189919649379 0.011834623813002
        -1.98923573735199 0.996232508073197 0.085650623782648 0.0117839129311355
          -1.989281886388 0.996248660235798 0.0852853970584349 0.0117336347730985
        -1.98932764140875 0.996264674493063 0.0849232717783881 0.0116837838238024
        -1.98937300743889 0.996280552603613 0.0845642086052649 0.0116343546614779
        -1.98941798941799 0.996296296296296 0.0842081688642544 0.0115853419557119
        -1.98946259220232 0.996311907270811 0.0838551145290758 0.0115367404655333
        -1.98950682056663 0.996327387198321 0.0835050082084621 0.0114885450375404
        -1.98955067920585 0.996342737722048 0.0831578131329493 0.0114407506040846
        -1.98959417273673 0.996357960457856 0.082813493142007 0.011393352181488
        -1.98963730569948 0.996373056994819 0.0824720126714809 0.011346344868318
        -1.98968008255934 0.996388028895769 0.0821333367413555 0.0112997238436954
        -1.98972250770812 0.996402877697842 0.0817974309438068 0.0112534843656418
        -1.98976458546571 0.996417604912999 0.0814642614315542 0.0112076217694796
        -1.98980632008155 0.996432212028542 0.081133794906485 0.0111621314662589
        -1.98984771573604 0.996446700507614 0.0808059986085699 0.0111170089412251
        -1.98988877654196 0.996461071789687 0.0804808403050341 0.0110722497523312
        -1.98992950654582 0.996475327291037 0.080158288279792 0.0110278495287757
        -1.98996990972919 0.996489468405216 0.0798383113231367 0.0109838039695815
        -1.99000999000999 0.996503496503496 0.079520878721679 0.010940108842207
        -1.99004975124378 0.996517412935323 0.0792059602485082 0.0108967599811884
        -1.99008919722498 0.996531219028741 0.0788935261536157 0.0108537532868214
        -1.99012833168806 0.996544916090819 0.0785835471545138 0.0108110847238621
        -1.99016715830875 0.996558505408063 0.0782759944270897 0.0107687503202687
        -1.99020568070519 0.996571988246817 0.0779708395966789 0.0107267461659704
        -1.99024390243902 0.996585365853659 0.0776680547293278 0.0106850684116599
        -1.99028182701652 0.996598639455782 0.077367612323286 0.01064371326762
        -1.99031945788964 0.996611810261375 0.0770694853006635 0.010602677002574
        -1.99035679845709 0.996624879459981 0.0767736469993086 0.0105619559425651
        -1.99039385206532 0.996637848222863 0.0764800711648554 0.0105215464698563
        -1.99043062200957 0.996650717703349 0.0761887319429508 0.0104814450218633
        -1.99046711153479 0.996663489037178 0.0758996038716795 0.0104416480901053
        -1.99050332383666 0.99667616334283 0.0756126618741373 0.0104021522191826
        -1.99053926206244 0.996688741721854 0.0753278812511802 0.0103629540057768
        -1.99057492931197 0.996701225259189 0.0750452376743436 0.0103240500976707
         -1.9906103286385 0.996713615023474 0.0747647071789093 0.0102854371927967
        -1.99064546304958 0.996725912067353 0.0744862661571393 0.010247112038301
        -1.99068033550792 0.996738117427773 0.0742098913516465 0.0102090714296255
        -1.99071494893222 0.996750232126277 0.0739355598489215 0.0101713122096267
        -1.99074930619796 0.996762257169288 0.0736632490730056 0.0101338312676877
        -1.99078341013825 0.996774193548387 0.0733929367792907 0.0100966255388726
        -1.99081726354454 0.996786042240588 0.0731246010484679 0.0100596920030931
        -1.99085086916743 0.9967978042086 0.072858220280601 0.0100230276842819
        -1.99088422971741 0.996809480401094 0.0725937731893307 0.00998662964960406
        -1.99091734786558 0.996821071752952 0.0723312387962061 0.00995049500866596
        -1.99095022624434 0.99683257918552 0.0720705964251351 0.00991462091275785
        -1.99098286744815 0.996844003606853 0.0718118256969564 0.00987900455409951
        -1.99101527403414 0.99685534591195 0.0715549065241383 0.00984364316510966
        -1.99104744852283 0.99686660698299 0.0712998191055618 0.00980853401769233
        -1.99107939339875 0.996877787689563 0.0710465439214545 0.00977367442252763
        -1.99111111111111 0.996888888888889 0.0707950617283952 0.00973906172839456
         -1.9911426040744 0.996899911426041 0.0705453535544525 0.00970469332149237
        -1.99117387466902 0.996910856134157 0.0702974006944039 0.00967056662478205
        -1.99120492524186 0.996921723834653 0.0700511847050773 0.00963667909734855
        -1.99123575810692 0.996932515337423 0.069806687400769 0.00960302823376313
        -1.99126637554585 0.996943231441048 0.0695638908487641 0.0095696115634718
        -1.99129677980853 0.996953872932985 0.0693227773649614 0.00953642665018428
        -1.99132697311362 0.996964440589766 0.0690833295095779 0.00950347109128913
        -1.99135695764909 0.996974935177182 0.0688455300829425 0.00947074251726931
        -1.99138673557278 0.996985357450474 0.0686093621213697 0.00943823859113424
        -1.99141630901288 0.996995708154506 0.0683748088931448 0.00940595700786506
        -1.99144568006843 0.997005988023952 0.0681418538945575 0.00937389549387113
        -1.99147485080989 0.997016197783461 0.0679104808460327 0.0093420518064522
        -1.99150382327952 0.997026338147833 0.0676806736883453 0.00931042373327928
        -1.99153259949196 0.997036409822185 0.0674524165788988 0.00927900909188084
         -1.9915611814346 0.99704641350211 0.0672256938880871 0.00924780572913964
        -1.99158957106812 0.997056349873844 0.0670004901957331 0.00921681152080156
        -1.99161777032691 0.997066219614417 0.0667767902875749 0.00918602437099914
        -1.99164578111947 0.997076023391813 0.0665545791518625 0.00915544221176701
        -1.99167360532889 0.997085761865112 0.0663338419759825 0.00912506300259075
        -1.99170124481328 0.997095435684647 0.0661145641431791 0.00909488472994591
        -1.99172870140612 0.997105045492142 0.0658967312293175 0.00906490540685656
        -1.99175597691674 0.997114591920857 0.0656803289997274 0.00903512307245835
        -1.99178307313065 0.997124075595727 0.0654653434061014 0.00900553579156949
        -1.99180999180999 0.997133497133497 0.0652517605834557 0.00897614165427463
        -1.99183673469388 0.997142857142857 0.0650395668471475 0.00894693877551012
        -1.99186330349878 0.997152156224573 0.0648287486899513 0.00891792529466517
         -1.9918896999189 0.997161394971614 0.0646192927792004 0.00888909937518445
        -1.99191592562652 0.997170573969281 0.0644111859539702 0.00886045920417899
        -1.99194198227236 0.997179693795326 0.0642044152223171 0.00883200299205056
        -1.99196787148594 0.99718875502008 0.0639989677585859 0.00880372897211368
         -1.9919935948759 0.997197758206565 0.0637948309007506 0.00877563540023418
        -1.99201915403033 0.997206703910615 0.063591992147817 0.00874772055446815
         -1.9920445505171 0.997215592680986 0.0633904391572671 0.00871998273471286
        -1.99206978588422 0.997224425059477 0.063190159742561 0.00869242026235728
        -1.99209486166008 0.997233201581028 0.0629911418706737 0.00866503147994813
        -1.99211977935382 0.997241922773838 0.0627933736596944 0.00863781475085368
        -1.99214454045562 0.997250589159466 0.0625968433764541 0.00861076845894093
        -1.99216914643696 0.997259201252937 0.0624015394342052 0.00858389100825452
        -1.99219359875098 0.997267759562842 0.0622074503903498 0.00855718082270096
        -1.99221789883268 0.99727626459144 0.0620145649442083 0.00853063634574314
         -1.9922420480993 0.997284716834756 0.0618228719348117 0.0085042560400983
         -1.9922660479505 0.997293116782676 0.0616323603387627 0.00847803838743788
         -1.9922898997687 0.997301464919044 0.0614430192681166 0.00845198188810059
        -1.99231360491929 0.997309761721752 0.0612548379683098 0.00842608506080333
        -1.99233716475096 0.997318007662835 0.0610678058161227 0.00840034644235921
        -1.99236058059587 0.997326203208556 0.060881912317674 0.00837476458741016
        -1.99238385376999 0.997334348819497 0.0606971471064739 0.00834933806814409
        -1.99240698557327 0.997342444950645 0.0605134999414805 0.00832406547403908
        -1.99242997728993 0.997350492051476 0.0603309607052207 0.00829894541159737
        -1.99245283018868 0.997358490566038 0.0601495194019233 0.008273976504094
        -1.99247554552295 0.997366440933032 0.059969166155696 0.00824915739131837
        -1.99249812453113 0.997374343585896 0.0597898912087356 0.00822448672933396
         -1.9925205684368 0.99738219895288 0.0596116849195756 0.00819996319023186
        -1.99254287844892 0.997390007457122 0.059434537761339 0.00817558546189368
        -1.99256505576208 0.997397769516729 0.0592584403200629 0.00815135224775743
        -1.99258710155671 0.997405485544848 0.0590833832930073 0.00812726226658889
        -1.99260901699926 0.997413155949741 0.0589093574870443 0.00810331425225108
        -1.99263080324245 0.997420781134856 0.0587363538170198 0.00807950695349113
        -1.99265246142542 0.997428361498898 0.0585643633042014 0.00805583913371377
        -1.99267399267399 0.997435897435897 0.0583933770746956 0.00803230957077128
         -1.9926953981008 0.997443389335281 0.0582233863579482 0.00800891705675255
        -1.99271667880554 0.997450837581937 0.0580543824852313 0.00798566039777704
        -1.99273783587509 0.997458242556282 0.0578863568881669 0.00796253841378913
        -1.99275887038378 0.997465604634323 0.0577193010972845 0.00793954993836365
         -1.9927797833935 0.997472924187726 0.0575532067406073 0.00791669381850424
        -1.99280057595392 0.997480201583873 0.057388065542229 0.00789396891445193
        -1.99282124910266 0.99748743718593 0.0572238693209659 0.00787137409949912
        -1.99284180386543 0.997494631352899 0.057060609988989 0.00784890825979989
        -1.99286224125625 0.997501784439686 0.0568982795504986 0.00782657029418665
        -1.99288256227758 0.997508896797153 0.0567368701004298 0.00780435911399247
        -1.99290276792051 0.997515968772179 0.0565763738231517 0.00778227364287476
         -1.9929228591649 0.997523000707714 0.0564167829912225 0.00776031281663725
        -1.99294283697953 0.997529992942837 0.0562580899641354 0.00773847558306295
        -1.99296270232231 0.997536945812808 0.0561002871871157 0.007716760901745
        -1.99298245614035 0.997543859649123 0.0559433671899043 0.00769516774392098
        -1.99300209937019 0.997550734779566 0.0557873225855907 0.00767369509231219
        -1.99302163293789 0.997557571528262 0.0556321460694456 0.00765234194096021
        -1.99304105775922 0.997564370215727 0.055477830417793 0.00763110729507321
        -1.99306037473976 0.997571131158917 0.0553243684868772 0.00760999017087105
        -1.99307958477509 0.99757785467128 0.0551717532117681 0.00758898959543153
        -1.99309868875086 0.997584541062802 0.0550199776052693 0.00756810460654211
        -1.99311768754301 0.997591190640055 0.0548690347568606 0.00754733425255383
        -1.99313658201784 0.997597803706246 0.0547189178316501 0.00752667759223558
        -1.99315537303217 0.997604380561259 0.0545696200693264 0.00750613369463204
        -1.99317406143345 0.997610921501706 0.0544211347831673 0.00748570163892426
         -1.9931926480599 0.997617426820967 0.0542734553590165 0.00746538051429102
        -1.99321113374067 0.997623896809233 0.0541265752543296 0.0074451694197748
        -1.99322951929587 0.997630331753555 0.0539804879971797 0.00742506746414984
         -1.9932478055368 0.99763673193788 0.053835187185328 0.0074050737657867
        -1.99326599326599 0.997643097643098 0.053690666485279 0.00738518745252703
        -1.99328408327737 0.997649429147079 0.0535469196313603 0.00736540766155747
        -1.99330207635633 0.997655726724715 0.0534039404248166 0.00734573353928036
        -1.99331997327989 0.997661990647963 0.0532617227329286 0.00732616424119659
        -1.99333777481679 0.997668221185876 0.0531202604881216 0.00730669893178071
        -1.99335548172757 0.997674418604651 0.0529795476871122 0.00728733678436289
        -1.99337309476474 0.997680583167661 0.0528395783900528 0.00726807698101206
        -1.99339061467284 0.997686715135492 0.0527003467197034 0.00724891871242317
        -1.99340804218853 0.997692814765985 0.0525618468606073 0.00722986117780078
        -1.99342537804076 0.997698882314267 0.0524240730582708 0.0072109035847463
        -1.99344262295082 0.997704918032787 0.0522870196183813 0.00719204514915317
        -1.99345977763244 0.997710922171354 0.0521506809060153 0.00717328509509407
        -1.99347684279191 0.997716894977169 0.0520150513448652 0.00715462265471656
        -1.99349381912817 0.99772283669486 0.0518801254164778 0.00713605706813736
         -1.9935107073329 0.997728747566515 0.0517458976595169 0.00711758758334335
        -1.99352750809061 0.997734627831715 0.0516123626690117 0.00709921345608011
        -1.99354422207876 0.997740477727566 0.0514795150956431 0.00708093394976528
         -1.9935608499678 0.997746297488731 0.0513473496450167 0.00706274833537845
        -1.99357739242132 0.997752087347463 0.051215861076976 0.0070446558913706
        -1.99359385009609 0.997757847533632 0.0510850442048962 0.00702665590356855
        -1.99361022364217 0.99776357827476 0.0509548938950086 0.00700874766507775
          -1.993626513703 0.997769279796048 0.0508254050657229 0.0069909304761917
        -1.99364272091545 0.997774952320407 0.050696572686979 0.00697320364430087
        -1.99365884590996 0.997780596068484 0.0505683917795814 0.00695556648380391
        -1.99367488931056 0.997786211258697 0.0504408574145625 0.00693801831601615
        -1.99369085173502 0.997791798107255 0.0503139647125561 0.00692055846908657
        -1.99370673379484 0.997797356828194 0.0501877088431684 0.00690318627790765
        -1.99372253609542 0.997802887633396 0.0500620850243667 0.00688590108403497
        -1.99373825923607 0.997808390732624 0.0499370885218795 0.00686870223560243
        -1.99375390381012 0.997813866333542 0.0498127146485974 0.00685158908723915
        -1.99376947040498 0.997819314641745 0.049688958763987 0.00683456099999002
        -1.99378495960224 0.997824735860783 0.0495658162735175 0.00681761734123709
        -1.99380037197768 0.997830130192188 0.0494432826280882 0.00680075748461872
        -1.99381570810142 0.997835497835498 0.0493213533234744 0.00678398080995457
        -1.99383096853794 0.997840838988279 0.049200023899763 0.00676728670316873
        -1.99384615384615 0.997846153846154 0.0490792899408294 0.00675067455621337
         -1.9938612645795 0.997851442602824 0.0489591470737754 0.00673414376699855
        -1.99387630128598 0.997856705450092 0.0488395909684254 0.00671769373931497
        -1.99389126450825 0.997861942577886 0.0487206173367927 0.00670132388276734
        -1.99390615478367 0.997867154174284 0.048602221932569 0.00668503361269979
        -1.99392097264438 0.997872340425532 0.0484844005506222 0.00666882235012567
        -1.99393571861734 0.99787750151607 0.0483671490264967 0.00665268952166453
        -1.99395039322444 0.997882637628554 0.0482504632359202 0.0066366345594675
         -1.9939649969825 0.997887748943874 0.048134339094327 0.00662065690115554
        -1.99397953040337 0.99789283564118 0.0480187725563734 0.00660475598975108
        -1.99399399399399 0.997897897897898 0.0479037596154726 0.00658893127361626
        -1.99400838825644 0.997902935889754 0.0477892963033302 0.00657318220638503
        -1.99402271368799 0.997907949790795 0.0476753786894921 0.00655750824690449
        -1.99403697078116 0.997912939773405 0.0475620028808859 0.00654190885916961
         -1.9940511600238 0.997917906008328 0.0474491650213871 0.0065263835122642
        -1.99406528189911 0.997922848664688 0.0473368612913738 0.00651093168030048
        -1.99407933688573 0.997927767910006 0.0472250879073002 0.00649555284235648
        -1.99409332545777 0.997932663910219 0.0471138411212699 0.00648024648242407
        -1.99410724808486 0.997937536829699 0.0470031172206209 0.00646501208934369
        -1.99412110523222 0.997942386831276 0.0468929125275075 0.00644984915675373
         -1.9941348973607 0.997947214076246 0.0467832233984922 0.00643475718303099
        -1.99414862492686 0.9979520187244 0.0466740462241511 0.00641973567123566
        -1.99416228838295 0.997956800934034 0.0465653774286725 0.00640478412905798
        -1.99417588817705 0.997961560861969 0.0464572134694716 0.00638990206876411
        -1.99418942475305 0.997966298663568 0.0463495508367942 0.00637508900714145
        -1.99420289855072 0.997971014492754 0.0462423860533487 0.00636034446544853
        -1.99421631000578 0.997975708502024 0.0461357156739339 0.00634566796936253
        -1.99422965954991 0.99798038084247 0.0460295362850527 0.00633105904892917
        -1.99424294761082 0.997985031663788 0.0459238445045678 0.00631651723851068
        -1.99425617461229 0.997989661114302 0.0458186369813287 0.0063020420767379
        -1.99426934097421 0.997994269340974 0.0457139103948236 0.00628763310646052
        -1.99428244711264 0.997998856489423 0.0456096614548347 0.00627328987470088
        -1.99429549343982 0.998003422703936 0.0455058869010809 0.00625901193260381
        -1.99430848036426 0.99800796812749 0.0454025835028862 0.00624479883539264
        -1.99432140829074 0.99801249290176 0.0452997480588468 0.00623065014231905
         -1.9943342776204 0.998016997167139 0.0451973773964962 0.00621656541662352
        -1.99434708875071 0.998021481062747 0.0450954683719775 0.00620254422548205
        -1.99435984207558 0.998025944726452 0.0449940178697243 0.00618858613997197
        -1.99437253798537 0.998030388294879 0.0448930228021478 0.00617469073501908
        -1.99438517686693 0.998034811903425 0.044792480109308 0.00616085758935858
        -1.99439775910364 0.998039215686275 0.0446923867586246 0.00614708628549465
        -1.99441028507546 0.998043599776411 0.0445927397445587 0.00613337640965339
        -1.99442275515895 0.998047964305633 0.0444935360883196 0.00611972755174506
        -1.99443516972732 0.998052309404563 0.0443947728375598 0.00610613930532233
        -1.99444752915047 0.998056635202665 0.0442964470660847 0.00609261126753857
        -1.99445983379501 0.998060941828255 0.0441985558735727 0.00607914303911095
        -1.99447208402432 0.998065229408513 0.0441010963852797 0.00606573422427825
        -1.99448428019857 0.998069498069498 0.0440040657517624 0.00605238443076273
        -1.99449642267474 0.998073747936159 0.0439074611485903 0.00603909326973362
         -1.9945085118067 0.998077979132345 0.0438112797760937 0.00602586035576724
        -1.99452054794521 0.998082191780822 0.0437155188590737 0.00601268530681187
        -1.99453253143794 0.99808638600328 0.043620175646538 0.00599956774414778
        -1.99454446262957 0.998090561920349 0.0435252474114467 0.00598650729235395
        -1.99455634186173 0.998094719651606 0.0434307314504458 0.00597350357927162
        -1.99456816947311 0.998098859315589 0.0433366250836098 0.00596055623596836
        -1.99457994579946 0.99810298102981 0.0432429256541891 0.00594766489670295
        -1.99459167117361 0.998107084910763 0.0431496305283634 0.00593482919889166
        -1.99460334592553 0.998111171073934 0.043056737094993 0.00592204878307268
        -1.99461497038234 0.998115239633818 0.0429642427653718 0.0059093232928773
        -1.99462654486835 0.998119290703923 0.0428721449729892 0.00589665237498949
        -1.99463806970509 0.998123324396783 0.0427804411732993 0.00588403567911788
        -1.99464954521134 0.99812734082397 0.0426891288434756 0.0058714728579643
        -1.99466097170315 0.998131340096102 0.0425982054821805 0.00585896356718951
        -1.99467234949387 0.998135322322856 0.0425076686093533 0.00584650746538085
        -1.99468367889421 0.998139287612972 0.0424175157659583 0.00583410421402597
         -1.9946949602122 0.998143236074271 0.0423277445137877 0.00582175347747471
        -1.99470619375331 0.998147167813658 0.0422383524352217 0.00580945492291818
        -1.99471737982039 0.998151082937137 0.0421493371330239 0.00579720822034879
        -1.99472851871376 0.998154981549816 0.0420606962301253 0.00578501304253942
        -1.99473961073119 0.998158863755918 0.0419724273694104 0.00577286906501007
        -1.99475065616798 0.998162729658793 0.041884528213501 0.00576077596599678
        -1.99476165531692 0.998166579360922 0.0417969964445657 0.00574873342642945
        -1.99477260846837 0.998170412963931 0.0417098297641054 0.00573674112989764
        -1.99478351591028 0.998174230568597 0.0416230258927541 0.00572479876262921
        -1.99479437792816 0.998178032274857 0.04153658257008 0.0057129060134562
        -1.99480519480519 0.998181818181818 0.0414504975543935 0.00570106257378988
        -1.99377916018663 0.997667185069984 0.049611923115064 0.0077542816647278
        -1.99379203310916 0.997672012415934 0.0495095797150746 0.007738280508788
        -1.99380485286526 0.997676819824471 0.0494076576858724 0.00772234525391813
        -1.99381761978362 0.997681607418856 0.0493061544305071 0.00770647549383785
        -1.99383033419023 0.997686375321337 0.0492050673733324 0.00769067082559616
        -1.99384299640841 0.997691123653155 0.0491043939597766 0.00767493084954163
        -1.99385560675883 0.997695852534562 0.0490041316561296 0.00765925516928956
        -1.99386816555953 0.997700562084824 0.0489042779493403 0.00764364339168466
        -1.99388067312596 0.997705252422234 0.0488048303467856 0.00762809512677265
        -1.99389312977099 0.997709923664122 0.048705786376086 0.00761260998776292
        -1.99390553580498 0.997714575926866 0.0486071435848849 0.00759718759100236
        -1.99391789153573 0.9977192093259 0.0485088995406571 0.00758182755593806
        -1.99393019726859 0.997723823975721 0.048411051830497 0.00756652950508974
        -1.99394245330641 0.997728419989904 0.0483135980609326 0.00755129306401692
        -1.99395465994962 0.997732997481108 0.0482165358577245 0.0075361178612896
        -1.99396681749623 0.997737556561086 0.0481198628656703 0.0075210035284563
        -1.99397892624185 0.997742097340692 0.0480235767484238 0.00750594970001606
        -1.99399098647972 0.997746619929895 0.047927675188296 0.00749095601338912
        -1.99400299850075 0.997751124437781 0.0478321558860753 0.00747602210888543
        -1.99401496259352 0.997755610972569 0.0477370165608431 0.00746114762967887
         -1.9940268790443 0.997760079641613 0.0476422549497908 0.0074463322217766
        -1.99403874813711 0.997764530551416 0.0475478688080386 0.00743157553399199
        -1.99405057015369 0.997768963807635 0.0474538559084667 0.00741687721791617
        -1.99406234537358 0.997773379515091 0.0473602140415288 0.00740223692789321
        -1.99407407407407 0.997777777777778 0.0472669410150885 0.00738765432098765
        -1.99408575653031 0.997782158698866 0.0471740346542404 0.00737312905696363
        -1.99409739301525 0.997786522380718 0.0470814928011478 0.00735866079825476
        -1.99410898379971 0.99779086892489 0.0469893133148673 0.00734424920994003
        -1.99412052915238 0.997795198432141 0.0468974940711977 0.00732989395971462
        -1.99413202933985 0.997799511002445 0.0468060329625004 0.0073155947178698
        -1.99414348462665 0.997803806734993 0.0467149278975487 0.00730135115726194
        -1.99415489527521 0.997808085728203 0.0466241768013678 0.00728716295329157
        -1.99416626154594 0.997812348079728 0.0465337776150729 0.00727302978387723
        -1.99417758369723 0.997816593886463 0.0464437282957135 0.00725895132943011
        -1.99418886198547 0.997820823244552 0.0463540268161271 0.0072449272728341
        -1.99420009666506 0.997825036249396 0.0462646711647778 0.00723095729941425
        -1.99421128798842 0.997829232995659 0.0461756593456073 0.007217041096923
        -1.99422243620607 0.997833413577275 0.0460869893778959 0.00720317835550821
        -1.99423354156655 0.997837578087458 0.0459986592961048 0.00718936876769538
        -1.99424460431655 0.997841726618705 0.0459106671497338 0.00717561202836237
        -1.99425562470081 0.997845859262805 0.0458230110031774 0.00716190783471982
        -1.99426660296226 0.997849976110846 0.04573568893559 0.00714825588628498
        -1.99427753934192 0.997854077253219 0.045648699040731 0.00713465588486351
        -1.99428843407901 0.997858162779629 0.0455620394268408 0.00712110753452277
        -1.99429928741093 0.997862232779097 0.0454757082164949 0.00710761054157905
        -1.99431009957326 0.997866287339972 0.0453897035464763 0.00709416461456636
        -1.99432087079981 0.997870326549929 0.0453040235676241 0.00708076946422098
        -1.99433160132263 0.997874350495985 0.0452186664447254 0.0070674248034619
        -1.99434229137199 0.997878359264498 0.0451336303563679 0.00705413034736502
        -1.99435294117647 0.997882352941176 0.0450489134948082 0.00704088581314899
        -1.99436355096289 0.997886331611085 0.0449645140658603 0.00702769092015076
         -1.9943741209564 0.99789029535865 0.0448804302887513 0.00701454538980562
        -1.99438465138044 0.997894244267665 0.0447966603960044 0.00700144894563293
         -1.9943951424568 0.997898178421298 0.0447132026333144 0.00698840131321044
        -1.99440559440559 0.997902097902098 0.0446300552594252 0.00697540222015691
        -1.99441600744532 0.997906002791996 0.0445472165460092 0.00696245139611751
        -1.99442638179285 0.997909893172318 0.0444646847775463 0.00694954857273622
        -1.99443671766342 0.997913769123783 0.0443824582512029 0.00693669348364745
        -1.99444701527071 0.997917630726516 0.0443005352767205 0.00692388586445025
        -1.99445727482679 0.997921478060046 0.0442189141762981 0.00691112545269323
        -1.99446749654219 0.99792531120332 0.044137593284475 0.0068984119878559
        -1.99447768062586 0.997929130234699 0.0440565709480172 0.00688574521133223
        -1.99448782728525 0.997932935231971 0.0439758455258126 0.00687312486641067
        -1.99449793672627 0.997936726272352 0.0438954153887501 0.00686055069825908
        -1.99450800915332 0.997940503432494 0.0438152789196149 0.00684802245390603
         -1.9945180447693 0.997944266788488 0.0437354345129872 0.00683553988222574
        -1.99452804377565 0.997948016415869 0.0436558805751162 0.00682310273391895
        -1.99453800637233 0.997951752389622 0.043576615523838 0.00681071076149919
        -1.99454793275784 0.997955474784189 0.0434976377884499 0.00679836371927101
        -1.99455782312925 0.997959183673469 0.0434189458096164 0.00678606136332105
        -1.99456767768221 0.997962879130828 0.0433405380392688 0.00677380345149592
        -1.99457749661094 0.997966561229101 0.0432624129404999 0.00676158974339058
        -1.99458728010825 0.997970230040595 0.0431845689874581 0.00674942000032974
         -1.9945970283656 0.9979738856371 0.0431070046652628 0.00673729398535228
        -1.99460674157303 0.997977528089888 0.0430297184698905 0.00672521146319971
        -1.99461641991925 0.997981157469717 0.0429527089080874 0.00671317220029399
        -1.99462606359158 0.997984773846843 0.0428759744972655 0.00670117596473041
        -1.99463567277604 0.997988377291015 0.0427995137654236 0.00668922252625759
         -1.9946452476573 0.997991967871486 0.0427233252510266 0.00667731165626373
        -1.99465478841871 0.997995545657016 0.0426474075029386 0.0066654431277624
        -1.99466429524233 0.997999110715874 0.0425717590803174 0.0066536167153779
        -1.99467376830892 0.998002663115846 0.042496378552519 0.00664183219533321
        -1.99468320779796 0.998006202924236 0.0424212644990263 0.00663008934543052
        -1.99469261388766 0.998009730207873 0.0423464155093356 0.00661838794504233
        -1.99470198675497 0.998013245033113 0.0422718301828873 0.00660672777509719
        -1.99471132657558 0.998016747465844 0.042197507128968 0.00659510861806289
        -1.99472063352398 0.998020237571491 0.0421234449666308 0.00658353025793534
        -1.99472990777339 0.99802371541502 0.0420496423246046 0.00657199248022433
        -1.99473914949584 0.998027181060938 0.0419760978412107 0.00656049507194023
        -1.99474835886214 0.998030634573304 0.0419028101642809 0.00654903782158334
        -1.99475753604194 0.998034076015727 0.0418297779510777 0.00653762051912787
        -1.99476668120366 0.998037505451374 0.0417569998681966 0.00652624295600779
        -1.99477579451458 0.998040922942969 0.0416844745915093 0.00651490492510831
        -1.99478487614081 0.998044328552803 0.0416122008060675 0.00650360622075219
        -1.99479392624729 0.998047722342733 0.0415401772060182 0.00649234663868503
        -1.99480294499783 0.998051104374188 0.0414684024945409 0.00648112597606554
        -1.99481193255512 0.998054474708171 0.0413968753837644 0.00646994403145129
        -1.99482088908071 0.998057833405265 0.0413255945946798 0.00645880060478854
        -1.99482981473503 0.998061180525636 0.0412545588570783 0.00644769549739799
        -1.99483870967742 0.998064516129032 0.0411837669094695 0.00643662851196725
        -1.99484757406612 0.998067840274796 0.0411132174990012 0.00642559945253174
        -1.99485640805829 0.99807115302186 0.041042909381396 0.00641460812447248
        -1.99486521181001 0.998074454428755 0.0409728413208743 0.00640365433449563
        -1.99487398547629 0.99807774455361 0.0409030120900731 0.00639273789063033
        -1.99488272921109 0.998081023454158 0.0408334204699923 0.00638185860220641
        -1.99489144316731 0.998084291187739 0.0407640652499062 0.00637101627985537
        -1.99490012749681 0.998087547811305 0.0406949452273047 0.00636021073548809
        -1.99490878235045 0.998090793381417 0.0406260592078151 0.00634944178229357
        -1.99491740787802 0.998094027954257 0.0405574060051439 0.00633870923472069
        -1.99492600422833 0.998097251585624 0.0404889844409979 0.00632801290847373
        -1.99493457154918 0.998100464330941 0.0404207933450227 0.00631735262049649
        -1.99494310998736 0.998103666245259 0.0403528315547383 0.00630672818896549
        -1.99495161968868 0.998106857383256 0.0402850979154632 0.00629613943327634
        -1.99496010079798 0.998110037799244 0.0402175912802623 0.00628558617403874
        -1.99496855345912 0.99811320754717 0.0401503105098691 0.00627506823306012
        -1.99497697781499 0.99811636668062 0.0400832544726324 0.0062645854333403
        -1.99498537400752 0.998119515252821 0.040016422044447 0.00625413759905991
        -1.99499374217772 0.998122653316646 0.0399498121086896 0.00624372455556887
        -1.99500208246564 0.998125780924615 0.039883423556164 0.00623334612938065
         -1.9950103950104 0.998128898128898 0.0398172552850315 0.00622300214815796
        -1.99501867995019 0.99813200498132 0.0397513062007508 0.0062126924407071
         -1.9950269374223 0.998135101533361 0.0396855752160246 0.00620241683696676
        -1.99503516756309 0.99813818783616 0.0396200612507354 0.0061921751679983
        -1.99504337050805 0.99814126394052 0.039554763231882 0.00618196726597597
        -1.99505154639175 0.998144329896907 0.0394896800935278 0.00617179296418291
        -1.99505969534788 0.998147385755455 0.0394248107767385 0.00616165209699382
        -1.99506781750925 0.998150431565968 0.039360154229529 0.00615154449987187
         -1.9950759130078 0.998153467377924 0.0392957094068009 0.00614147000935716
         -1.9950839819746 0.998156493240475 0.0392314752702898 0.00613142846305958
        -1.99509202453988 0.998159509202454 0.0391674507885131 0.00612141969964997
        -1.99510004083299 0.998162515312372 0.0391036349367013 0.00611144355884941
        -1.99510803098247 0.998165511618426 0.0390400266967621 0.00610149988142394
          -1.995115995116 0.998168498168498 0.0389766250572112 0.0060915885091708
        -1.99512393336042 0.998171475010158 0.0389134290131263 0.00608170928491791
        -1.99513184584179 0.998174442190669 0.0388504375660865 0.00607186205250754
         -1.9951397326853 0.998177399756987 0.0387876497241368 0.00606204665679444
        -1.99514759401537 0.998180347755762 0.0387250645017136 0.00605226294363259
        -1.99515542995559 0.998183286233347 0.0386626809196091 0.00604251075987028
        -1.99516324062878 0.998186215235792 0.0386004980049108 0.00603278995334344
        -1.99517102615694 0.998189134808853 0.0385385147909574 0.00602310037286147
        -1.99517878666131 0.998192044997991 0.0384767303172939 0.0060134418682054
        -1.99518652226233 0.998194945848375 0.0384151436295994 0.00600381429012087
         -1.9951942330797 0.998197837404886 0.0383537537796652 0.00599421749030338
        -1.99520191923231 0.998200719712115 0.0382925598253294 0.00598465132139925
        -1.99520958083832 0.998203592814371 0.0382315608304342 0.00597511563699005
        -1.99521721801515 0.99820645675568 0.0381707558647779 0.00596561029159126
        -1.99522483087943 0.998209311579785 0.0381101440040634 0.00595613514064341
        -1.99523241954708 0.998212157330155 0.038049724329861 0.0059466900405023
        -1.99523998413328 0.99821499404998 0.0379894959295513 0.0059372748484332
        -1.99524752475248 0.998217821782178 0.0379294578962845 0.00592788942260558
        -1.99525504151839 0.998220640569395 0.0378696093289363 0.00591853362208372
        -1.99526253454402 0.998223450454007 0.0378099493320629 0.00590920730681921
        -1.99527000394166 0.998226251478124 0.0377504770158463 0.00589991033764603
         -1.9952774498229 0.998229043683589 0.037691191496064 0.00589064257627081
        -1.99528487229862 0.998231827111984 0.0376320918940412 0.00588140388527103
        -1.99529227147901 0.998234601804629 0.0375731773366006 0.0058721941280826
        -1.99529964747356 0.998237367802585 0.0375144469560258 0.00586301316899585
        -1.99530700039108 0.998240125146656 0.0374558998900163 0.00585386087314799
        -1.99531433033971 0.998242873877392 0.0373975352816505 0.00584473710651823
         -1.9953216374269 0.998245614035088 0.0373393522793339 0.00583564173591888
        -1.99532892175944 0.99824834565979 0.0372813500367659 0.00582657462899006
        -1.99533618344345 0.998251068791294 0.0372235277128965 0.00581753565419474
         -1.9953434225844 0.99825378346915 0.0371658844718858 0.00580852468080906
         -1.9953506392871 0.998256489732662 0.0371084194830598 0.00579954157891827
        -1.99535783365571 0.99825918762089 0.0370511319208795 0.00579058621941053
        -1.99536500579374 0.998261877172654 0.0369940209648902 0.00578165847396939
        -1.99537215580409 0.998264558426533 0.0369370857996891 0.00577275821507062
        -1.99537928378899 0.99826723142087 0.0368803256148915 0.00576388531597027
        -1.99538638985006 0.998269896193772 0.0368237396050759 0.00575503965070689
        -1.99539347408829 0.998272552783109 0.0367673269697661 0.0057462210940864
        -1.99540053660406 0.998275201226524 0.0367110869133747 0.00573742952168521
        -1.99540757749713 0.998277841561424 0.0366550186451811 0.0057286648098378
        -1.99541459686664 0.99828047382499 0.0365991213792878 0.00571992683563272
        -1.99542159481114 0.998283098054178 0.036543394334581 0.00571121547690767
        -1.99542857142857 0.998285714285714 0.036487836734695 0.00570253061224468
        -1.99543552681628 0.998288322556105 0.0364324478079805 0.00569387212096206
        -1.99544246107102 0.998290922901633 0.0363772267874687 0.00568523988311043
        -1.99544937428896 0.998293515358362 0.0363221729108343 0.00567663377946559
        -1.99545626656569 0.998296099962136 0.0362672854203545 0.00566805369152545
        -1.99546313799622 0.998298676748582 0.0362125635628807 0.00565949950150291
        -1.99546998867497 0.998301245753114 0.0361580065898082 0.00565097109232005
        -1.99547681869582 0.998303807010931 0.0361036137570299 0.00564246834760551
        -1.99548362815205 0.998306360557019 0.0360493843249152 0.00563399115168473
        -1.99549041713641 0.998308906426156 0.0359953175582657 0.00562553938957944
        -1.99549718574109 0.998311444652908 0.0359414127262934 0.0056171129469984
         -1.9955039340577 0.998313975271637 0.0358876691025749 0.00560871171033694
        -1.99551066217733 0.998316498316498 0.0358340859650248 0.00560033556666584
        -1.99551737019051 0.998319013821442 0.0357806625958705 0.00559198440372999
        -1.99552405818724 0.998321521820216 0.0357273982816064 0.00558365810994532
        -1.99553072625698 0.998324022346369 0.035674292312974 0.00557535657438857
        -1.99553737448866 0.998326515433247 0.0356213439849213 0.00556707968679726
        -1.99554400297066 0.998329001113999 0.0355685525965814 0.00555882733756086
        -1.99555061179088 0.99833147942158 0.0355159174512281 0.0055505994177194
        -1.99555720103665 0.998333950388745 0.0354634378562597 0.00554239581895466
        -1.99556377079482 0.998336414048059 0.0354111131231623 0.00553421643359142
        -1.99557032115172 0.998338870431894 0.0353589425674734 0.00552606115458598
        -1.99557685219314 0.998341319572429 0.0353069255087615 0.00551792987552702
        -1.99558336400442 0.998343761501656 0.0352550612705969 0.00550982249062537
        -1.99558985667034 0.998346196251378 0.035203349180513 0.00550173889471628
        -1.99559633027523 0.998348623853211 0.0351517885699852 0.00549367898325093
        -1.99560278490289 0.998351044338586 0.0351003787744002 0.00548564265228801
        -1.99560922063666 0.998353457738749 0.035049119133026 0.00547762979849864
        -1.99561563755937 0.998355864084764 0.0349980089889836 0.0054696403191552
        -1.99562203575337 0.998358263407516 0.034947047689224 0.00546167411212517
        -1.99562841530055 0.998360655737705 0.0348962345844903 0.00545373107587555
        -1.99563477628228 0.998363041105857 0.0348455690293026 0.00544581110945952
        -1.99564111877951 0.998365419542318 0.0347950503819163 0.00543791411251782
        -1.99564744287269 0.998367791077258 0.0347446780043121 0.00543003998527025
         -1.9956537486418 0.998370155740674 0.034694451262153 0.00542218862851573
        -1.99566003616637 0.998372513562387 0.03464436952477 0.00541435994362471
        -1.99566630552546 0.998374864572048 0.0345944321651217 0.00540655383253696
        -1.99567255679769 0.998377208799134 0.0345446385597867 0.00539877019775847
        -1.99567879006122 0.998379546272956 0.0344949880889232 0.00539100894235256
        -1.99568500539374 0.998381877022654 0.034445480136247 0.00538326996994209
        -1.99569120287253 0.998384201077199 0.0343961140890059 0.00537555318470018
         -1.9956973825744 0.9983865184654 0.0343468893379608 0.00536785849135057
        -1.99570354457572 0.998388829215897 0.0342978052773493 0.00536018579516151
        -1.99570968895245 0.998391133357168 0.034248861304869 0.00535253500194077
        -1.99571581578008 0.998393430917529 0.0342000568216516 0.00534490601803483
        -1.99572192513369 0.998395721925134 0.0341513912322355 0.00533729875032174
        -1.99572801708793 0.998398006407974 0.0341028639445433 0.00532971310620978
        -1.99573409171703 0.998400284393886 0.0340544743698601 0.00532214899363348
        -1.99574014909478 0.998402555910543 0.034006221922807 0.00531460632104652
        -1.99574618929458 0.998404820985466 0.0339581060213181 0.00530708499742616
        -1.99575221238938 0.998407079646018 0.0339101260866155 0.00529958493225768
        -1.99575821845175 0.998409331919406 0.0338622815431897 0.00529210603554242
        -1.99576420755383 0.998411577832686 0.0338145718187732 0.00528464821778618
        -1.99577017976736 0.99841381741276 0.033766996344319 0.00527721139000015
        -1.99577613516367 0.998416050686378 0.033719554553981 0.00526979546369422
        -1.99578207381371 0.998418277680141 0.0336722458850822 0.00526240035087655
          -1.995787995788 0.998420498420498 0.0336250697781058 0.00525502596404692
        -1.99579390115668 0.998422712933754 0.0335780256766629 0.00524767221619626
         -1.9957997899895 0.998424921246062 0.0335311130274754 0.00524033902080134
        -1.99580566235582 0.998427123383432 0.0334843312803503 0.0052330262918221
        -1.99581151832461 0.998429319371728 0.033437679888161 0.00522573394369674
        -1.99581735796445 0.998431509236668 0.0333911583068289 0.00521846189134223
        -1.99582318134354 0.998433693003829 0.033344765995297 0.00521121005014535
        -1.99582898852972 0.998435870698644 0.0332985024155121 0.0052039783359672
        -1.99583477959042 0.998438042346408 0.0332523670324001 0.00519676666512803
        -1.99584055459272 0.99844020797227 0.0332063593138479 0.0051895749544193
        -1.99584631360332 0.998442367601246 0.0331604787306894 0.0051824031210872
        -1.99585205668856 0.998444521258209 0.0331147247566701 0.00517525108283712
        -1.99585778391439 0.998446668967898 0.0330690968684468 0.00516811875782608
        -1.99586349534643 0.998448810754912 0.0330235945455453 0.00516100606466319
        -1.99586919104991 0.998450946643718 0.0329782172703599 0.00515391292240519
        -1.99587487108972 0.998453076658646 0.032932964528122 0.00514683925055204
        -1.99588053553038 0.998455200823893 0.0328878358068856 0.00513978496904555
        -1.99588618443606 0.998457319163524 0.0328428305975077 0.00513274999826629
        -1.99589181787059 0.998459431701472 0.0327979483936289 0.00512573425903007
        -1.99589743589744 0.998461538461539 0.0327531886916503 0.00511873767258342
        -1.99590303857972 0.998463639467395 0.0327085509907228 0.00511176016060499
        -1.99590862598023 0.998465734742584 0.0326640347927221 0.00510480164519844
        -1.99591419816139 0.998467824310521 0.0326196396022276 0.00509786204888973
        -1.99591975518531 0.998469908194492 0.0325753649265188 0.00509094129462806
        -1.99592529711375 0.998471986417657 0.032531210275538 0.00508403930577916
        -1.99593082400814 0.998474059003052 0.0324871751618829 0.00507715600612269
        -1.99593633592956 0.998476125973586 0.0324432591007842 0.00507029131985259
        -1.99594183293879 0.998478187352046 0.0323994616100993 0.00506344517157187
        -1.99594731509625 0.998480243161094 0.0323557822102742 0.00505661748628894
        -1.99595278246206 0.998482293423272 0.0323122204243429 0.00504980818941592
        -1.99595823509599 0.998484338160997 0.0322687757779079 0.00504301720676859
        -1.99596367305752 0.998486377396569 0.032225447799112 0.00503624446456064
        -1.99596909640578 0.998488411152167 0.0321822360186346 0.00502948988939877
         -1.9959745051996 0.998490439449849 0.0321391399696687 0.00502275340828495
        -1.99597989949749 0.998492462311558 0.0320961591878994 0.0050160349486128
        -1.99598527935764 0.998494479759117 0.0320532932114972 0.00500933443816143
        -1.99599064483796 0.998496491814233 0.0320105415810961 0.00500265180509762
          -1.995995995996 0.998498498498498 0.0319679038397744 0.00499598697796877
        -1.99600133288904 0.998500499833389 0.0319253795330479 0.00498933988570505
        -1.99600665557404 0.998502495840266 0.0318829682088371 0.00498271045761278
        -1.99601196410768 0.998504486540379 0.0318406694174698 0.00497609862337267
         -1.9960172585463 0.998506471954862 0.0317984827116558 0.00496950431303933
        -1.99602253894597 0.99850845210474 0.0317564076464709 0.00496292745703819
        -1.99602780536246 0.998510427010924 0.0317144437793448 0.00495636798616239
        -1.99603305785124 0.998512396694215 0.0316725906700359 0.00494982583156878
        -1.99603829646748 0.998514361175305 0.0316308478806331 0.00494330092477924
        -1.99604352126607 0.998516320474777 0.0315892149755257 0.00493679319767404
        -1.99604873230161 0.998518274613105 0.0315476915213964 0.00493030258249449
        -1.99605392962841 0.998520223610654 0.0315062770871961 0.00492382901183541
        -1.99605911330049 0.998522167487685 0.0314649712441462 0.00491737241864643
         -1.9960642833716 0.998524106264349 0.0314237735657059 0.00491093273622756
        -1.99606943989519 0.998526039960694 0.0313826836275695 0.00490450989822833
        -1.99607458292444 0.998527968596663 0.031341701007646 0.00489810383864597
        -1.99607971251225 0.998529892192094 0.0313008252860456 0.0048917144918188
        -1.99608482871126 0.998531810766721 0.0312600560450704 0.00488534179243105
         -1.9960899315738 0.998533724340176 0.0312193928691897 0.00487898567550449
        -1.99609502115197 0.998535632931988 0.0311788353450346 0.00487264607639926
        -1.99610009749756 0.998537536561586 0.0311383830613856 0.00486632293081213
        -1.99610516066212 0.998539435248296 0.0310980356091459 0.00486001617477072
        -1.99611021069692 0.998541329011345 0.0310577925813451 0.00485372574463705
        -1.99611524765296 0.998543217869861 0.0310176535731106 0.00484745157709865
        -1.99612027158099 0.998545101842871 0.0309776181816641 0.00484119360917257
        -1.99612528253148 0.998546980949306 0.0309376860063004 0.00483495177820048
        -1.99613028055466 0.998548855207997 0.0308978566483802 0.00482872602184559
        -1.99613526570048 0.998550724637681 0.0308581297113104 0.00482251627809305
        -1.99614023801866 0.998552589256996 0.0308185048005463 0.00481632248524422
        -1.99614519755863 0.998554449084484 0.030778981523552 0.00481014458192153
        -1.99615014436959 0.998556304138595 0.0307395594898114 0.00480398250705649
        -1.99615507850048 0.99855815443768 0.0307002383108053 0.00479783619989682
                 -1.99616 0.99856 0.0306610176 0.00479170559999975
        -1.99616490891659 0.99856184084372 0.0306218969728338 0.00478559064723161
        -1.99616980529844 0.998563676986914 0.0305828760467044 0.00477949128176336
         -1.9961746891935 0.998565508447561 0.030543954440958 0.00477340744407329
        -1.99617956064947 0.998567335243553 0.0305051317768772 0.00476733907493943
        -1.99618441971383 0.998569157392687 0.0304664076776682 0.00476128611544313
        -1.99618926643379 0.998570974912671 0.0304277817684415 0.00475524850696374
        -1.99619410085633 0.998572787821123 0.0303892536762138 0.00474922619117724
        -1.99619892302819 0.998574596135572 0.0303508230298863 0.0047432191100536
        -1.99620373299589 0.998576399873458 0.0303124894602362 0.00473722720585945
        -1.99620853080569 0.998578199052133 0.0302742525998969 0.00473125042114919
        -1.99621331650363 0.998579993688861 0.0302361120833616 0.00472528869876898
        -1.99621809013552 0.998581783800819 0.0301980675469604 0.00471934198185187
        -1.99622285174693 0.998583569405099 0.0301601186288476 0.00471341021381511
        -1.99622760138321 0.998585350518705 0.0301222649690018 0.00470749333836418
        -1.99623233908948 0.998587127158556 0.0300845062091977 0.00470159129948344
        -1.99623706491063 0.998588899341486 0.0300468419930109 0.00469570404143838
        -1.99624177889132 0.998590667084247 0.0300092719657954 0.00468983150877422
        -1.99624648107601 0.998592430403503 0.0299717957746779 0.0046839736463129
         -1.9962511715089 0.998594189315839 0.029934413068549 0.0046781303991521
        -1.99625585023401 0.998595943837754 0.0298971234980456 0.00467230171266131
        -1.99626051729511 0.998597693985665 0.0298599267155382 0.004666487532484
        -1.99626517273576 0.99859943977591 0.029822822375138 0.00466068780453366
        -1.99626981659932 0.998601181224744 0.02978581013266 0.00465490247499112
         -1.9962744489289 0.998602918348339 0.0297488896456333 0.00464913149030455
        -1.99627906976744 0.998604651162791 0.0297120605732815 0.00464337479718724
        -1.99628367915763 0.998606379684113 0.0296753225765141 0.00463763234261849
        -1.99628827714197 0.99860810392824 0.0296386753179139 0.00463190407383474
        -1.99629286376274 0.998609823911029 0.0296021184617281 0.00462618993833752
        -1.99629743906202 0.998611539648257 0.0295656516738596 0.00462048988388464
        -1.99630200308166 0.998613251155624 0.0295292746218561 0.00461480385849056
        -1.99630655586334 0.998614958448753 0.0294929869748959 0.00460913181042688
        -1.99631109744851 0.998616661543191 0.02945678840379 0.00460347368821878
        -1.99631562787842 0.998618360454406 0.0294206785809532 0.00459782944064457
        -1.99632014719411 0.998620055197792 0.0293846571804099 0.00459219901673125
        -1.99632465543645 0.998621745788668 0.0293487238777796 0.00458658236575715
        -1.99632915264607 0.998623432242276 0.0293128783502627 0.00458097943724711
        -1.99633363886343 0.998625114573786 0.0292771202766406 0.00457539018097375
        -1.99633811412878 0.998626792798291 0.0292414493372544 0.00456981454695393
        -1.99634257848217 0.998628466930814 0.0292058652140028 0.00456425248544834
        -1.99634703196347 0.998630136986301 0.0291703675903339 0.00455870394695745
        -1.99635147461234 0.998631802979629 0.0291349561512302 0.00455316888222379
        -1.99635590646827 0.9986334649256 0.0290996305831985 0.00454764724222878
        -1.99636032757052 0.998635122838945 0.0290643905742751 0.00454213897819233
        -1.99636473795819 0.998636776734323 0.0290292358139936 0.00453664404156839
         -1.9963691376702 0.998638426626324 0.0289941659933941 0.00453116238404672
        -1.99637352674524 0.998640072529465 0.0289591808050087 0.00452569395754976
        -1.99637790522185 0.998641714458195 0.0289242799428457 0.00452023871423135
        -1.99638227313838 0.998643352426892 0.028889463102395 0.00451479660647713
        -1.99638663053297 0.998644986449865 0.028854729980603 0.00450936758690013
        -1.99639097744361 0.998646616541353 0.028820080275878 0.00450395160834471
        -1.99639531390808 0.99864824271553 0.0287855136880708 0.00449854862387467
          -1.996399639964 0.998649864986499 0.0287510299184728 0.00449315858678601
        -1.99640395564879 0.998651483368295 0.0287166286698071 0.00448778145059281
         -1.9964082609997 0.998653097874888 0.028682309646209 0.00448241716903564
        -1.99641255605381 0.998654708520179 0.0286480725532385 0.00447706569607309
        -1.99641684084801 0.998656315318005 0.0286139170978519 0.00447172698588405
        -1.99642111541903 0.998657918282135 0.0285798429884032 0.00446640099286588
         -1.9964253798034 0.998659517426273 0.0285458499346323 0.00446108767163356
        -1.99642963403749 0.998661112764058 0.0285119376476644 0.00445578697701654
         -1.9964338781575 0.998662704309064 0.0284781058399872 0.00445049886406057
        -1.99643811219947 0.9986642920748 0.02844435422546 0.00444522328802188
        -1.99644233619923 0.998665876074711 0.02841068251929 0.00443996020437165
        -1.99644655019248 0.998667456322179 0.0283770904380329 0.00443470956878889
        -1.99645075421473 0.998669032830524 0.0283435776995873 0.00442947133716309
        -1.99645494830133 0.998670605612998 0.0283101440231803 0.00442424546559383
        -1.99645913248746 0.998672174682797 0.0282767891293592 0.00441903191038406
        -1.99646330680813 0.99867374005305 0.0282435127399925 0.00441383062804457
         -1.9964674712982 0.998675301736827 0.0282103145782493 0.00440864157529086
        -1.99647162599236 0.998676859747133 0.0281771943686078 0.0044034647090414
        -1.99647577092511 0.998678414096916 0.0281441518368286 0.00439829998641583
        -1.99647990613083 0.998679964799061 0.0281111867099675 0.00439314736473539
        -1.99648403164372 0.998681511866393 0.0280782987163501 0.00438800680152251
        -1.99648814749781 0.998683055311677 0.0280454875855707 0.00438287825449546
        -1.99649225372698 0.998684595147618 0.0280127530484933 0.00437776168157189
        -1.99649635036496 0.998686131386861 0.0279800948372309 0.00437265704086487
        -1.99650043744532 0.998687664041995 0.0279475126851487 0.00436756429068463
        -1.99650451500146 0.998689193125546 0.0279150063268485 0.00436248338953105
        -1.99650858306663 0.998690718649985 0.0278825754981664 0.0043574142961007
        -1.99651264167393 0.998692240627725 0.0278502199361661 0.0043523569692816
        -1.99651669085631 0.998693759071118 0.0278179393791298 0.00434731136815092
        -1.99652073064656 0.998695273992462 0.0277857335665512 0.00434227745197546
        -1.99652476107732 0.998696785403997 0.0277536022391285 0.00433725518021211
        -1.99652878218108 0.998698293317906 0.0277215451387605 0.00433224451250291
        -1.99653279399018 0.998699797746316 0.0276895620085327 0.00432724540867735
         -1.9965367965368 0.998701298701299 0.0276576525927172 0.00432225782875095
        -1.99654078985298 0.998702796194869 0.0276258166367658 0.00431728173292267
        -1.99654477397063 0.998704290238986 0.0275940538872987 0.00431231708157309
        -1.99654874892148 0.998705780845557 0.0275623640921001 0.0043073638352662
        -1.99655271473714 0.998707268026429 0.0275307470001103 0.00430242195474762
        -1.99655667144907 0.9987087517934 0.0274992023614224 0.00429749140094193
        -1.99656061908856 0.998710232158212 0.0274677299272721 0.00429257213495227
         -1.9965645576868 0.998711709132551 0.0274363294500333 0.0042876641180607
        -1.99656848727481 0.998713182728053 0.0274050006832116 0.00428276731172561
        -1.99657240788346 0.998714652956298 0.0273737433814354 0.00427788167758125
        -1.99657631954351 0.998716119828816 0.027342557300452 0.00427300717743728
        -1.99658022228555 0.998717583357082 0.0273114421971226 0.00426814377327656
        -1.99658411614005 0.998719043552519 0.0272803978294114 0.00426329142725512
        -1.99658800113733 0.9987205004265 0.0272494239563805 0.00425845010169956
        -1.99659187730758 0.998721953990344 0.0272185203381898 0.00425361975910965
        -1.99659574468085 0.998723404255319 0.0271876867360792 0.0042488003621548
        -1.99659960328705 0.998724851232644 0.0271569229123774 0.00424399187367186
        -1.99660345315596 0.998726294933484 0.027126228630479 0.00423919425666641
        -1.99660729431722 0.998727735368957 0.0270956036548569 0.00423440747431147
        -1.99661112680034 0.998729172550127 0.0270650477510355 0.00422963148994704
         -1.9966149506347 0.998730606488011 0.0270345606856033 0.00422486626707608
        -1.99661876584954 0.998732037193576 0.0270041422261986 0.00422011176936765
        -1.99662257247397 0.998733464677737 0.0269737921415008 0.00421536796065247
        -1.99662637053697 0.998734888951364 0.0269435102012299 0.00421063480492645
         -1.9966301600674 0.998736310025274 0.02691329617614 0.00420591226634448
        -1.99663394109397 0.998737727910238 0.026883149838012 0.00420120030922444
        -1.99663771364528 0.998739142616979 0.0268530709596444 0.00419649889804052
        -1.99664147774979 0.998740554156171 0.0268230593148591 0.00419180799742858
        -1.99664523343584 0.99874196253844 0.0267931146784797 0.0041871275721812
        -1.99664898073164 0.998743367774365 0.0267632368263389 0.00418245758724956
        -1.99665271966527 0.998744769874477 0.0267334255352676 0.00417779800773754
         -1.9966564502647 0.998746168849262 0.026703680583088 0.00417314879890984
        -1.99666017255775 0.998747564709157 0.0266740017486153 0.0041685099261799
        -1.99666388657214 0.998748957464554 0.0266443888116381 0.00416388135511836
        -1.99666759233546 0.998750347125798 0.026614841552929 0.0041592630514482
        -1.99667128987517 0.99875173370319 0.0265853597542325 0.00415465498104206
        -1.99667497921862 0.998753117206983 0.0265559431982538 0.00415005710992666
        -1.99667866039303 0.998754497647384 0.0265265916686594 0.00414546940427707
        -1.99668233342549 0.998755875034559 0.026497304950075 0.00414089183041844
          -1.996685998343 0.998757249378625 0.0264680828280763 0.00413632435482381
        -1.99668965517241 0.998758620689655 0.0264389250891792 0.0041317669441141
        -1.99669330394048 0.99875998897768 0.0264098315208443 0.00412721956505857
        -1.99669694467382 0.998761354252684 0.0263808019114631 0.00412268218457168
        -1.99670057739896 0.998762716524608 0.0263518360503578 0.00411815476971178
        -1.99670420214227 0.998764075803351 0.0263229337277764 0.0041136372876851
        -1.99670781893004 0.998765432098765 0.0262940947348813 0.00410912970583732
        -1.99671142778844 0.998766785420663 0.0262653188637554 0.00410463199166111
         -1.9967150287435 0.998768135778812 0.0262366059073873 0.00410014411278903
        -1.99671862182116 0.998769483182937 0.0262079556596699 0.00409566603699574
        -1.99672220704725 0.998770827642721 0.0261793679153968 0.00409119773219624
        -1.99672578444748 0.998772169167804 0.026150842470253 0.00408673916644497
        -1.99672935404742 0.998773507767784 0.0261223791208156 0.00408229030793672
        -1.99673291587258 0.998774843452219 0.0260939776645479 0.00407785112500392
        -1.99673646994833 0.998776176230623 0.0260656378997872 0.00407342158611712
        -1.99674001629992 0.998777506112469 0.0260373596257537 0.00406900165988189
        -1.99674355495251 0.998778833107191 0.0260091426425291 0.00406459131504233
        -1.99674708593115 0.99878015722418 0.025980986751069 0.00406019052047535
        -1.99675060926076 0.998781478472786 0.0259528917531853 0.00405579924519683
        -1.99675412496619 0.998782796862321 0.0259248574515478 0.00405141745835014
        -1.99675763307214 0.998784112402053 0.0258968836496791 0.0040470451292185
        -1.99676113360324 0.998785425101215 0.0258689701519437 0.00404268222721216
        -1.99676462658398 0.998786734968994 0.0258411167635568 0.00403832872187726
        -1.99676811203878 0.998788042014544 0.0258133232905635 0.00403398458288784
        -1.99677158999193 0.998789346246973 0.0257855895398471 0.00402964978005027
        -1.99677506046762 0.998790647675356 0.0257579153191205 0.00402532428329927
        -1.99677852348993 0.998791946308725 0.0257303004369174 0.00402100806270012
        -1.99678197908286 0.998793242156074 0.0257027447025955 0.00401670108844465
        -1.99678542727029 0.99879453522636 0.0256752479263245 0.00401240333085262
          -1.996788868076 0.998795825528499 0.0256478099190911 0.00400811476037299
        -1.99679230152366 0.998797113071371 0.025620430492685 0.00400383534757687
        -1.99679572763685 0.998798397863818 0.0255931094596988 0.00399956506316412
        -1.99679914643905 0.998799679914644 0.0255658466335227 0.00399530387795766
        -1.99680255795364 0.998800959232614 0.0255386418283443 0.00399105176290648
        -1.99680596220389 0.998802235826457 0.0255114948591402 0.00398680868907997
        -1.99680935921298 0.998803509704866 0.0254844055416719 0.00398257462767537
        -1.99681274900398 0.998804780876494 0.0254573736924826 0.0039783495500072
        -1.99681613159989 0.99880604934996 0.0254303991288936 0.00397413342751385
        -1.99681950702359 0.998807315133846 0.0254034816689988 0.00396992623175407
        -1.99682287529786 0.998808578236696 0.0253766211316648 0.0039657279344083
        -1.99682623644538 0.998809838667019 0.0253498173365188 0.00396153850727465
        -1.99682959048877 0.998811096433289 0.0253230701039531 0.00395735792227248
        -1.99683293745051 0.998812351543943 0.0252963792551135 0.00395318615143614
        -1.99683627735302 0.998813604007382 0.0252697446119008 0.00394902316692125
        -1.99683961021859 0.998814853831973 0.0252431659969687 0.00394486894099932
        -1.99684293606946 0.998816101026046 0.0252166432337102 0.00394072344605867
        -1.99684625492773 0.998817345597897 0.0251901761462641 0.00393658665460261
        -1.99684956681544 0.998818587555789 0.0251637645595011 0.00393245853925084
        -1.99685287175452 0.998819826907946 0.0251374082990345 0.00392833907273671
        -1.99685616976683 0.998821063662562 0.0251111071911989 0.00392422822790861
        -1.99685946087412 0.998822297827794 0.0250848610630605 0.00392012597772862
        -1.99686274509804 0.998823529411765 0.0250586697424069 0.0039160322952716
        -1.99686602246017 0.998824758422565 0.0250325330577397 0.00391194715372256
          -1.996869292982 0.998825984868249 0.0250064508382817 0.00390787052638419
        -1.99687255668491 0.998827208756841 0.0249804229139627 0.00390380238666221
        -1.99687581359021 0.998828430096329 0.0249544491154197 0.00389974270808002
        -1.99687906371912 0.998829648894668 0.0249285292739962 0.00389569146426627
        -1.99688230709275 0.998830865159782 0.0249026632217344 0.00389164862896196
        -1.99688554373216 0.998832078899559 0.0248768507913688 0.00388761417601646
        -1.99688877365828 0.998833290121856 0.024851091816334 0.00388358807938616
          -1.996891996892 0.998834498834499 0.0248253861307468 0.00387957031313713
        -1.99689521345407 0.998835705045278 0.0247997335694166 0.00387556085143936
        -1.99689842336521 0.998836908761954 0.0247741339678278 0.00387155966857478
        -1.99690162664601 0.998838109992254 0.0247485871621507 0.00386756673892608
          -1.996904823317 0.998839308743874 0.0247230929892233 0.00386358203698434
        -1.99690801339861 0.998840505024478 0.0246976512865587 0.00385960553734677
         -1.9969111969112 0.998841698841699 0.0246722618923378 0.00385563721471094
        -1.99691437387503 0.998842890203137 0.0246469246454115 0.00385167704388145
         -1.9969175443103 0.998844079116363 0.0246216393852805 0.00384772499976682
        -1.99692070823711 0.998845265588915 0.0245964059521118 0.0038437810573777
        -1.99692386567547 0.9988464496283 0.0245712241867277 0.00383984519182512
        -1.99692701664533 0.998847631241997 0.0245460939305957 0.00383591737832401
        -1.99693016116654 0.998848810437452 0.0245210150258366 0.00383199759219099
        -1.99693329925888 0.99884998722208 0.0244959873152126 0.00382808580884131
        -1.99693643094205 0.998851161603268 0.0244710106421291 0.00382418200379364
        -1.99693955623565 0.99885233358837 0.0244460848506272 0.00382028615266261
        -1.99694267515924 0.998853503184713 0.0244212097853875 0.00381639823116586
        -1.99694578773225 0.998854670399593 0.0243963852917144 0.00381251821511652
        -1.99694889397407 0.998855835240275 0.0243716112155496 0.00380864608042852
        -1.99695199390399 0.998856997713995 0.0243468874034534 0.00380478180311217
        -1.99695508754123 0.998858157827963 0.0243222137026091 0.00380092535927501
        -1.99695817490494 0.998859315589354 0.0242975899608204 0.00379707672512275
        -1.99696125601418 0.998860471005318 0.024273016026509 0.00379323587695524
        -1.99696433088793 0.998861624082975 0.0242484917487022 0.00378940279116957
        -1.99696739954511 0.998862774829416 0.0242240169770458 0.00378557744425834
        -1.99697046200454 0.998863923251704 0.0241995915617821 0.00378175981280737
        -1.99697351828499 0.998865069356873 0.0241752153537647 0.00377794987349933
        -1.99697656840514 0.998866213151927 0.0241508882044457 0.00377414760310746
        -1.99697961238359 0.998867354643846 0.0241266099658723 0.0037703529785027
        -1.99698265023887 0.998868493839578 0.0241023804906888 0.00376656597664393
        -1.99698568198945 0.998869630746044 0.0240781996321271 0.0037627865745864
         -1.9969887076537 0.998870765370138 0.024054067244009 0.00375901474947682
        -1.99699172724994 0.998871897718727 0.0240299831807462 0.00375525047854985
        -1.99699474079639 0.998873027798648 0.0240059472973275 0.00375149373913741
        -1.99699774831123 0.998874155616713 0.0239819594493227 0.00374774450865667
