                     -1.6 0.8 2.56 0.64
        -1.77777777777778 0.888888888888889 1.58024691358025 0.395061728395062
        -1.84615384615385 0.923076923076923 1.13609467455621 0.284023668639053
        -1.88235294117647 0.941176470588235 0.885813148788927 0.221453287197232
         -1.9047619047619 0.952380952380952 0.72562358276644 0.18140589569161
                    -1.92 0.96 0.6144 0.1536
        -1.93103448275862 0.96551724137931 0.532699167657549 0.133174791914387
        -1.93939393939394 0.96969696969697 0.470156106519742 0.117539026629935
        -1.94594594594595 0.972972972972973 0.420745069393718 0.105186267348429
        -1.95121951219512 0.975609756097561 0.380725758477098 0.0951814396192745
        -1.95555555555556 0.977777777777778 0.347654320987655 0.0869135802469136
        -1.95918367346939 0.979591836734694 0.319866722199084 0.079966680549771
         -1.9622641509434 0.981132075471698 0.29619081523674 0.0740477038091849
        -1.96491228070175 0.982456140350877 0.275777162203756 0.068944290550939
         -1.9672131147541 0.983606557377049 0.257995162590701 0.0644987906476753
        -1.96923076923077 0.984615384615385 0.242366863905325 0.0605917159763312
        -1.97101449275362 0.985507246376812 0.228523419449695 0.0571308548624239
        -1.97260273972603 0.986301369863014 0.216175642709702 0.0540439106774255
        -1.97402597402597 0.987012987012987 0.20509360769101 0.0512734019227525
        -1.97530864197531 0.987654320987654 0.195092211553117 0.0487730528882793
        -1.97647058823529 0.988235294117647 0.186020761245674 0.0465051903114184
        -1.93258426966292 0.97752808988764 0.521146319909102 0.239111223330388
        -1.93548387096774 0.978494623655914 0.499479708636835 0.858133888310788
        -1.93814432989691 0.979381443298969 0.479540865129131 1.37634180040387
        -1.94059405940594 0.98019801980198 0.461131261641016 1.81139104009411
        -1.94285714285714 0.980952380952381 0.444081632653061 2.17741496598639
        -1.94495412844037 0.981651376146789 0.428246780574025 2.48581769211346
        -1.94690265486726 0.982300884955752 0.413501448821364 2.7458689012452
        -1.94871794871795 0.982905982905983 0.39973701512163 2.96515450361604
         -1.9504132231405 0.983471074380165 0.386858821118777 3.14992145345263
                   -1.952 0.984 0.374784 3.305344
        -1.95348837209302 0.984496124031008 0.363439697133586 3.4357310257797
        -1.90977443609023 0.969924812030075 0.689241901746849 3.43151110859856
        -1.85401459854015 0.956204379562044 1.08263626192125 3.37236933240982
        -1.85815602836879 0.957446808510638 1.05427292389719 3.46702882148785
        -1.86206896551724 0.958620689655172 1.02734839476813 3.54625445897741
        -1.86577181208054 0.959731543624161 1.00175667762713 3.61208954551597
        -1.86928104575163 0.96078431372549 0.977401853987782 3.66628219915417
        -1.87261146496815 0.961783439490446 0.954196924824537 3.71033307639255
        -1.87577639751553 0.962732919254658 0.932062806218896 3.74553450869951
        -1.87878787878788 0.963636363636364 0.910927456382002 3.77300275482094
        -1.88165680473373 0.964497041420118 0.890725114666854 3.79370470221631
        -1.88439306358382 0.965317919075145 0.871395636339336 3.80848006949781
        -1.88700564971751 0.966101694915254 0.852883909476843 3.8180599444604
        -1.88950276243094 0.966850828729282 0.835139342510912 3.8230823234944
        -1.89189189189189 0.967567567567568 0.818115412710007 3.82410518626735
        -1.89417989417989 0.968253968253968 0.801769267377733 3.82161753590325
        -1.89637305699482 0.968911917098446 0.786061370775053 3.81604875298666
        -1.89847715736041 0.969543147208122 0.770955190806257 3.80777654667732
        -1.90049751243781 0.970149253731343 0.756416920373258 3.79713373431351
        -1.90243902439024 0.970731707317073 0.742415229030339 3.78441403926234
        -1.90430622009569 0.971291866028708 0.728921041184956 3.76987706325405
        -1.90610328638498 0.971830985915493 0.715907337609382 3.75375256232229
        -1.90783410138249 0.972350230414747 0.703348977468199 3.73624413344943
        -1.90950226244344 0.972850678733032 0.691222538441064 3.71753240105649
        -1.91111111111111 0.973333333333333 0.679506172839506 3.69777777777778
        -1.91266375545852 0.973799126637555 0.668179477889437 3.67712286188288
        -1.91416309012876 0.974248927038627 0.65722337858498 3.65569452375251
        -1.91561181434599 0.974683544303797 0.646620021720166 3.63360572557817
        -1.91701244813278 0.975103734439834 0.636352679878101 3.61095711161998
        -1.91836734693878 0.975510204081633 0.626405664306539 3.58783840066639
        -1.91967871485944 0.975903614457831 0.616764245737972 3.56432960758697
        -1.92094861660079 0.976284584980237 0.60741458232436 3.54050211688981
        -1.92217898832685 0.976653696498054 0.598343653953883 3.51641962785205
        -1.92337164750958 0.977011494252874 0.589539202301786 3.49213898797728
        -1.92452830188679 0.977358490566038 0.580989676041296 3.46771092915628
        -1.92565055762082 0.977695167286245 0.572684180705076 3.44318071889554
        -1.92673992673993 0.978021978021978 0.564612432744301 3.41858873727006
        -1.92779783393502 0.978339350180505 0.556764717381954 3.39397098880475
         -1.9288256227758 0.97864768683274 0.549131849900585 3.36935955724978
        -1.92982456140351 0.978947368421053 0.54170514004309 3.34478301015697
        -1.93079584775087 0.97923875432526 0.534476359238994 3.32026675925815
        -1.93174061433447 0.979522184300341 0.527437710398489 3.29583338186816
        -1.93265993265993 0.97979797979798 0.520581800043079 3.27150290786654
        -1.93355481727575 0.980066445182724 0.513901612564982 3.24729307623536
         -1.9344262295082 0.980327868852459 0.507390486428379 3.22321956463316
        -1.93527508090615 0.980582524271845 0.501042092143987 3.19929619505451
        -1.93610223642173 0.980830670926518 0.494850411864977 3.17553511825169
        -1.93690851735016 0.981072555205047 0.488809720466918 3.15194697927136
        -1.93769470404984 0.981308411214953 0.4829145679875 3.12854106617754
        -1.93846153846154 0.981538461538462 0.47715976331361 3.10532544378698
        -1.93920972644377 0.981762917933131 0.471540359013682 3.08230707402925
        -1.93993993993994 0.981981981981982 0.466051637222808 3.05949192435679
         -1.9406528189911 0.982195845697329 0.460689096496404 3.03688506546681
        -1.94134897360704 0.982404692082111 0.455448439555903 3.01449075945339
        -1.94202898550725 0.982608695652174 0.450325561856753 2.99231253938248
        -1.94269340974212 0.982808022922636 0.445316540915099 2.97035328117175
        -1.94334277620397 0.98300283286119 0.440417626335176 2.94861526856006
        -1.94397759103641 0.983193277310924 0.435625230484352 2.92710025186545
        -1.94459833795014 0.983379501385042 0.430935919767343 2.90580950115484
        -1.94520547945205 0.983561643835616 0.426346406455245 2.88474385438168
        -1.94579945799458 0.983739837398374 0.421853541028636 2.86390376098883
        -1.94638069705094 0.983914209115281 0.41745430499752 2.84328932142113
        -1.94694960212202 0.984084880636605 0.413145804163824 2.82290032294606
        -1.94750656167979 0.984251968503937 0.40892526229497 2.80273627213921
        -1.94805194805195 0.984415584415584 0.404790015179625 2.78279642435487
        -1.94858611825193 0.984575835475578 0.400737505038958 2.76307981046914
        -1.94910941475827 0.984732824427481 0.396765275268859 2.74358526115417
        -1.94962216624685 0.984886649874055 0.39287096549055 2.72431142891586
         -1.9501246882793 0.985037406483791 0.389052306888638 2.70525680810443
        -1.95061728395062 0.985185185185185 0.385307117817407 2.68641975308642
        -1.95110024449878 0.985330073349633 0.381633299657462 2.66779849474836
        -1.95157384987893 0.98547215496368 0.378028832906331 2.64939115548546
        -1.95203836930456 0.985611510791367 0.374491773487684 2.63119576281421
        -1.95249406175772 0.985748218527316 0.371020249265124 2.61321026173402
        -1.95294117647059 0.985882352941176 0.367612456747406 2.59543252595156
        -1.95337995337995 0.986013986013986 0.364266657972951 2.57786036807016
        -1.95381062355658 0.986143187066975 0.360981177562417 2.56049154883753
        -1.95423340961098 0.986270022883295 0.357754399928785 2.54332378553587
         -1.9546485260771 0.986394557823129 0.3545847666353 2.52635475959091
        -1.95505617977528 0.986516853932584 0.351470773892187 2.50958212346926
         -1.9554565701559 0.986636971046771 0.34841097018368 2.49300350692705
        -1.95584988962472 0.986754966887417 0.345403954017611 2.47661652266713
         -1.9562363238512 0.986870897155361 0.342448371790145 2.46041877145689
        -1.95661605206074 0.986984815618221 0.339542915758912 2.44440784675397
        -1.95698924731183 0.987096774193548 0.336686322118164 2.42858133888311
        -1.95735607675906 0.987206823027719 0.333877369169988 2.41293683880324
        -1.95771670190275 0.987315010570824 0.331114875586088 2.39747194150065
          -1.958071278826 0.987421383647799 0.328397698754884 2.38218424904078
        -1.95841995841996 0.987525987525988 0.325724733209141 2.36707137330838
        -1.95876288659794 0.987628865979381 0.323094909129557 2.35213093846317
        -1.95910020449898 0.987730061349693 0.320507190920077 2.33736058313573
        -1.95943204868154 0.987829614604463 0.317960575850961 2.32275796238619
        -1.95975855130785 0.987927565392354 0.315454092765851 2.30832074944638
        -1.96007984031936 0.988023952095808 0.312986800849398 2.29404663726439
        -1.96039603960396 0.988118811881188 0.310557788452114 2.27993333986864
        -1.96070726915521 0.988212180746562 0.308166171969384 2.26597859356726
        -1.96101364522417 0.988304093567251 0.305811094771801 2.25218015799733
        -1.96131528046422 0.988394584139265 0.303491726184017 2.23853581703699
         -1.9616122840691 0.988483685220729 0.301207260509649 2.22504337959262
        -1.96190476190476 0.988571428571429 0.298956916099774 2.21170068027211
        -1.96219281663516 0.988657844990548 0.296739934462783 2.19850557995433
         -1.9624765478424 0.98874296435272 0.294555579413494 2.18545596626409
        -1.96275605214153 0.988826815642458 0.292403136259445 2.17254975396107
         -1.9630314232902 0.988909426987061 0.29028191102258 2.15978488525049
        -1.96330275229358 0.988990825688073 0.288191229694471 2.14715933002273
        -1.96357012750455 0.989071038251366 0.286130437523431 2.13467108602825
        -1.96383363471971 0.989150090415913 0.284098898331965 2.12231817899408
         -1.9640933572711 0.989228007181329 0.282095993862994 2.11009866268707
        -1.96434937611408 0.989304812834225 0.280121123153524 2.09801061892915
         -1.9646017699115 0.989380530973451 0.278173701934373 2.08605215756911
        -1.96485061511424 0.989455184534271 0.276253162054726 2.0742214164152
        -1.96509598603839 0.989528795811518 0.274358950930317 2.06251656113228
        -1.96533795493934 0.989601386481802 0.272490531014119 2.05093578510734
        -1.96557659208262 0.989672977624785 0.270647379288484 2.03947730928632
        -1.96581196581197 0.98974358974359 0.268828986777706 2.02813938198554
         -1.9660441426146 0.98981324278438 0.267034858080082 2.01692027868016
        -1.96627318718381 0.989881956155143 0.265264510918559 2.00581830177251
        -1.96649916247906 0.989949748743719 0.263517475709087 1.99483178034225
        -1.96672212978369 0.990016638935108 0.261793295145916 1.98395906988076
        -1.96694214876033 0.990082644628099 0.260091523803018 1.97319855201147
        -1.96715927750411 0.990147783251232 0.25841172775095 1.96254863419803
         -1.9673735725938 0.99021207177814 0.256753484188424 1.95200774944181
          -1.967585089141 0.990275526742301 0.255116381087975 1.94157435597036
        -1.96779388083736 0.990338164251208 0.253500016855053 1.93124693691801
                   -1.968 0.9904 0.251904 1.921024
        -1.96820349761526 0.990461049284579 0.250327948822292 1.91090407718108
        -1.96840442338073 0.990521327014218 0.248771491106568 1.90088572433983
        -1.96860282574568 0.990580847723705 0.247234263829913 1.8909675209294
        -1.96879875195008 0.990639625585023 0.245715912879884 1.88114806963573
        -1.96899224806202 0.990697674418605 0.244216092782887 1.87142599603389
        -1.96918335901387 0.99075500770416 0.242734466442387 1.86179994824324
        -1.96937212863706 0.990811638591118 0.241270704886622 1.85226859658216
        -1.96955859969559 0.990867579908676 0.239824487025338 1.84283063322283
        -1.96974281391831 0.990922844175492 0.238395499415226 1.83348477184663
        -1.96992481203008 0.990977443609023 0.236983436033693 1.82422974730058
        -1.97010463378176 0.991031390134529 0.2355879980606 1.81506431525535
         -1.9702823179792 0.991084695393759 0.23420889366766 1.80598725186508
        -1.97045790251108 0.991137370753324 0.232845837815194 1.79699735342952
        -1.97063142437592 0.991189427312775 0.231498552055909 1.78809343605866
        -1.97080291970803 0.991240875912409 0.230166764345462 1.77927433534019
        -1.97097242380261 0.991291727140784 0.228850208859519 1.77053890601006
        -1.97113997113997 0.991341991341991 0.227548625817025 1.76188602162628
         -1.9713055954089 0.991391678622669 0.226261761309487 1.75331457424626
        -1.97146932952924 0.991440798858773 0.224989367136004 1.7448234741077
        -1.97163120567376 0.991489361702128 0.223731200643831 1.73641164931341
        -1.97179125528914 0.991537376586742 0.222487024574233 1.72807804551992
        -1.97194950911641 0.991584852734923 0.221256606913483 1.7198216256302
         -1.9721059972106 0.99163179916318 0.220039720748742 1.7116413694905
        -1.97226074895978 0.991678224687933 0.218836144128685 1.70353627359135
        -1.97241379310345 0.991724137931035 0.217645659928657 1.69550535077289
        -1.97256515775034 0.991769547325103 0.216468055720203 1.68754762993446
        -1.97271487039563 0.99181446111869 0.215303123644818 1.67966215574858
        -1.97286295793758 0.991858887381275 0.214150660291732 1.67184798837931
        -1.97300944669366 0.991902834008097 0.213010466579613 1.66410420320499
        -1.97315436241611 0.991946308724832 0.211882347641998 1.65642989054547
        -1.97329773030708 0.991989319092123 0.210766112716378 1.64882415539366
         -1.9734395750332 0.99203187250996 0.209661575036728 1.64128611715158
        -1.97357992073976 0.992073976221929 0.208568551729433 1.63381490937075
        -1.97371879106439 0.992115637319317 0.20748686371242 1.62640967949703
        -1.97385620915033 0.992156862745098 0.206416335597419 1.61906958861976
         -1.9739921976593 0.992197659297789 0.205356795595245 1.61179381122529
        -1.97412677878396 0.992238033635188 0.204308075423954 1.60458153495479
        -1.97425997425997 0.992277992277992 0.203270010219818 1.59743196036632
        -1.97439180537772 0.992317541613316 0.202242438450982 1.59034430070119
        -1.97452229299363 0.992356687898089 0.201225201833745 1.58331778165443
        -1.97465145754119 0.992395437262357 0.200218145251325 1.57635164114945
        -1.97477931904161 0.992433795712484 0.199221116675069 1.56944512911685
        -1.97490589711418 0.992471769134254 0.198233967087997 1.56259750727713
        -1.97503121098627 0.99250936329588 0.197256550410614 1.5558080489276
        -1.97515527950311 0.992546583850932 0.19628872342888 1.54907603873307
        -1.97527812113721 0.992583436341162 0.195330345724322 1.54240077252052
        -1.97539975399754 0.992619926199262 0.194381279606155 1.53578155707756
        -1.97552019583843 0.99265605875153 0.193441390045379 1.52921770995477
        -1.97563946406821 0.992691839220463 0.192510544610787 1.52270855927162
        -1.97575757575758 0.992727272727273 0.191588613406795 1.51625344352617
        -1.97587454764777 0.992762364294331 0.190675469013053 1.50985171140837
        -1.97599039615846 0.992797118847539 0.189770986425783 1.50350272161686
        -1.97610513739546 0.992831541218638 0.188875043000762 1.49720584267931
        -1.97621878715815 0.992865636147443 0.18798751839792 1.4909604527762
        -1.97633136094675 0.992899408284024 0.187108294527501 1.48476593956794
        -1.97644287396938 0.992932862190813 0.186237255497703 1.47862170002539
        -1.97655334114889 0.992966002344666 0.185374287563787 1.47252714026352
        -1.97666277712952 0.992998833138857 0.184519279078602 1.46648167537841
        -1.97677119628339 0.993031358885017 0.18367212044445 1.46048472928731
        -1.97687861271676 0.993063583815029 0.182832704066291 1.45453573457182
        -1.97698504027618 0.993095512082854 0.182000924306207 1.4486341323241
        -1.97709049255441 0.993127147766323 0.181176677439121 1.44277937199608
        -1.97719498289624 0.993158494868871 0.180359861609691 1.43697091125156
        -1.97729852440409 0.993189557321226 0.179550376790383 1.4312082158212
         -1.9774011299435 0.993220338983051 0.178748124740656 1.42549075936034
        -1.97750281214848 0.993250843644544 0.177953008967242 1.41981802330952
        -1.97760358342665 0.993281075027996 0.177164934685479 1.41418949675779
        -1.97770345596433 0.993311036789298 0.176383808781656 1.40860467630862
        -1.97780244173141 0.993340732519423 0.175609539776374 1.40306306594843
        -1.97790055248619 0.993370165745856 0.174842037788833 1.39756417691768
        -1.97799779977998 0.993399339933993 0.174081214502088 1.39210752758444
        -1.97809419496166 0.993428258488499 0.17332698312917 1.38669264332047
        -1.97818974918212 0.993456924754635 0.172579258380118 1.38131905637962
        -1.97828447339848 0.993485342019544 0.171837956429835 1.37598630577866
        -1.97837837837838 0.993513513513513 0.171102994886779 1.37069393718042
        -1.97847147470398 0.993541442411195 0.170374292762451 1.36544150277913
        -1.97856377277599 0.993569131832797 0.169651770441671 1.36022856118802
         -1.9786552828175 0.993596584845251 0.168935349653577 1.35505467732915
        -1.97874601487779 0.993623804463337 0.168224953443383 1.34991942232527
        -1.97883597883598 0.993650793650794 0.167520506144845 1.3448223733938
        -1.97892518440464 0.993677555321391 0.166821933353393 1.33976311374293
        -1.97901364113326 0.993704092339979 0.16612916189996 1.33474123246962
         -1.9791013584117 0.993730407523511 0.16544211982543 1.3297563244596
        -1.97918834547347 0.993756503642039 0.164760736355751 1.32480799028934
        -1.97927461139896 0.993782383419689 0.164084941877634 1.31989583612983
        -1.97936016511868 0.993808049535604 0.163414667914855 1.31501947365226
        -1.97944501541624 0.993833504624872 0.162749847105138 1.31017851993548
        -1.97952917093142 0.993858751279427 0.1620904131776 1.30537259737525
         -1.9796126401631 0.99388379204893 0.161436300930731 1.30060133359519
        -1.97969543147208 0.993908629441624 0.16078744621093 1.29586436135948
        -1.97977755308392 0.993933265925177 0.16014378589152 1.29116131848718
        -1.97985901309164 0.993957703927492 0.159505257852297 1.28649184776821
        -1.97993981945838 0.993981945837513 0.158871800959549 1.28185559688091
        -1.98001998001998 0.994005994005994 0.158243355046551 1.27725221831116
        -1.98009950248756 0.994029850746269 0.157619860894531 1.27268136927304
        -1.98017839444995 0.994053518334985 0.15700126021407 1.268142711631
        -1.98025666337611 0.994076999012833 0.156387495626939 1.26363591182349
         -1.9803343166175 0.994100294985251 0.155778510648378 1.25916064078802
        -1.98041136141038 0.994123408423115 0.155174249669765 1.25471657388764
        -1.98048780487805 0.994146341463415 0.154574657941701 1.25030339083879
        -1.98056365403304 0.994169096209913 0.153979681557477 1.24592077564054
        -1.98063891577928 0.994191674733785 0.153389267436925 1.24156841650509
        -1.98071359691418 0.994214079074253 0.152803363310639 1.23724600578964
        -1.98078770413064 0.994236311239193 0.152221917704564 1.23295323992946
        -1.98086124401914 0.994258373205742 0.151644879924911 1.22868981937227
        -1.98093422306959 0.994280266920877 0.151072200043439 1.22445544851377
        -1.98100664767331 0.994301994301994 0.150503828883062 1.22024983563445
        -1.98107852412488 0.994323557237465 0.149939718003775 1.2160726928375
        -1.98114985862394 0.994344957587182 0.149379819688892 1.21192373598787
          -1.981220657277 0.994366197183099 0.148824086931606 1.20780268465252
        -1.98129092609916 0.994387277829747 0.148272473421827 1.20370926204167
        -1.98136067101584 0.994408201304753 0.147724933533334 1.19964319495123
        -1.98142989786444 0.994428969359331 0.147181422311194 1.19560421370618
        -1.98149861239593 0.994449583718779 0.146641895459458 1.19159205210511
         -1.9815668202765 0.994470046082949 0.146106309329141 1.18760644736563
        -1.98163452708907 0.994490358126722 0.145574620906451 1.18364714007088
        -1.98170173833486 0.994510521500457 0.14504678780127 1.179713874117
        -1.98176845943482 0.994530537830447 0.144522768235904 1.17580639666148
        -1.98183469573115 0.994550408719346 0.144002521034054 1.17192445807255
        -1.98190045248869 0.994570135746606 0.14348600561004 1.16806781187936
         -1.9819657348963 0.994589720468891 0.142973181958254 1.16423621472321
        -1.98203054806828 0.994609164420485 0.142464010642824 1.16042942630951
        -1.98209489704566 0.994628469113697 0.141958452787513 1.15664720936067
         -1.9821587867975 0.994647636039251 0.141456470065835 1.15288932956986
        -1.98222222222222 0.994666666666667 0.140958024691358 1.14915555555556
         -1.9822852081488 0.994685562444641 0.14046307940824 1.14544565881687
        -1.98234774933804 0.994704324801412 0.139971597481944 1.14175941368976
        -1.97537379067722 0.992963940193492 0.194583873839797 1.15707601280662
        -1.97546012269939 0.992988606485539 0.193910196093192 1.20018957185795
        -1.97554585152838 0.993013100436681 0.193241166263038 1.24267348067352
        -1.97563098346388 0.993037423846823 0.192576736421197 1.2845377332694
        -1.97571552471813 0.993061578490893 0.191916859296123 1.32579213770931
        -1.97579948141746 0.993085566119274 0.191261488261674 1.36644632013321
        -1.97588285960379 0.993109388458226 0.190610577326119 1.40650972868588
        -1.97596566523605 0.9931330472103 0.189964081121406 1.44599163734827
        -1.97604790419162 0.993156544054748 0.189321954892609 1.48490114967426
        -1.97612958226769 0.993179880647911 0.188684154487623 1.52324720243559
        -1.97621070518267 0.993203058623619 0.188050636347034 1.56103856917743
        -1.97629127857748 0.993226079593565 0.187421357494223 1.59828386368704
        -1.97637130801688 0.993248945147679 0.186796275525646 1.63499154337802
        -1.97645079899075 0.9932716568545 0.186175348601315 1.67116991259237
        -1.97652975691534 0.993294216261526 0.185558535435472 1.70682712582268
         -1.9766081871345 0.993316624895572 0.184945795287438 1.74197119085656
         -1.9766860949209 0.993338884263114 0.184337087952656 1.77660997184555
        -1.97676348547718 0.993360995850622 0.183732373753895 1.81075119230041
        -1.97684036393714 0.993382961124897 0.183131613532638 1.84440243801486
        -1.97691673536686 0.993404781533388 0.182534768640632 1.87757115991977
        -1.97699260476582 0.993426458504519 0.181941800931613 1.91026467686952
        -1.97706797706798 0.993447993447993 0.181352672753164 1.94249017836241
        -1.97714285714286 0.993469387755102 0.180767346938776 1.974254727197
        -1.97721724979658 0.993490642799024 0.180185786800015 2.00556526206585
        -1.97729115977291 0.993511759935118 0.179607956118868 2.03642860008854
        -1.97736459175424 0.993532740501213 0.179033819140239 2.06685143928546
        -1.97743755036261 0.993553585817889 0.178463340564555 2.096840360994
        -1.97751004016064 0.993574297188755 0.177896485540556 2.12640183222851
        -1.97758206565252 0.993594875900721 0.177333219658193 2.15554220798576
        -1.97765363128492 0.993615323224262 0.176773508941668 2.18426773349707
        -1.97772474144789 0.993635640413683 0.176217319842612 2.21258454642862
        -1.97779540047581 0.993655828707375 0.175664619233379 2.24049867903134
        -1.97786561264822 0.993675889328063 0.175115374400475 2.26801606024153
         -1.9779353821907 0.993695823483058 0.174569553038108 2.2951425177336
        -1.97800471327573 0.993715632364493 0.174027123241855 2.32188377992618
        -1.97807361002349 0.993735317149569 0.173488053502451 2.34824547794269
        -1.97814207650273 0.993754879000781 0.172952312699692 2.37423314752758
        -1.97821011673152 0.993774319066148 0.172419870096443 2.39985223091947
        -1.97827773467804 0.993793638479441 0.17189069533277 2.42510807868212
        -1.97834493426141 0.993812838360402 0.171364758420168 2.45000595149442
        -1.97841171935235 0.993831919814958 0.170842029735901 2.47455102190037
        -1.97847809377402 0.993850883935434 0.17032248001744 2.4987483760201
        -1.97854406130268 0.993869731800766 0.169806080357013 2.52260301522291
        -1.97860962566845 0.9938884644767 0.169292802196232 2.54611985776323
        -1.97867479055598 0.993907083015994 0.168782617320845 2.56930374038048
        -1.97873955960516 0.993925588458618 0.168275497855564 2.59215941986372
        -1.97880393641181 0.993943981831946 0.167771416258987 2.61469157458192
         -1.9788679245283 0.993962264150943 0.167270345318618 2.63690480598078
        -1.97893152746426 0.99398043641836 0.166772258145972 2.65880364004686
        -1.97899474868717 0.993998499624906 0.166277128171766 2.68039252873984
        -1.97905759162304 0.994016454749439 0.165784929141196 2.70167585139371
        -1.97912005965697 0.994034302759135 0.165295635109306 2.72265791608764
        -1.97918215613383 0.994052044609665 0.164809220436423 2.74334296098727
        -1.97924388435878 0.994069681245367 0.16432565978368 2.76373515565713
        -1.97930524759793 0.994087213599409 0.163844928108624 2.7838386023449
        -1.97936624907885 0.994104642593957 0.163367000660893 2.80365733723823
        -1.97942689199118 0.994121969140338 0.162891852977966 2.82319533169467
        -1.97948717948718 0.994139194139194 0.162419460880999 2.8424564934455
        -1.97954711468225 0.994156318480643 0.161949800470717 2.86144466777401
         -1.9796067006555 0.994173343044428 0.161482848123391 2.88016363866876
        -1.97966594045025 0.994190268700073 0.161018580486877 2.89861712995266
        -1.97972483707458 0.994207096307024 0.160556974476721 2.91680880638813
         -1.9797833935018 0.994223826714801 0.160098007272349 2.93474227475922
        -1.97984161267099 0.994240460763139 0.159641656313283 2.95242108493092
        -1.97989949748744 0.994256999282125 0.159187899295473 2.96984873088651
        -1.97995705082319 0.994273443092341 0.158736714167643 2.98702865174325
        -1.98001427551749 0.994289793004996 0.158288079127736 3.00396423274698
        -1.98007117437722 0.994306049822064 0.157841972619394 3.02065880624612
        -1.98012775017743 0.994322214336409 0.157398373328512 3.03711565264565
        -1.98018400566171 0.994338287331918 0.156957260179839 3.0533380013413
         -1.9802399435427 0.994354269583627 0.156518612333651 3.06932903163472
        -1.98029556650246 0.994370161857847 0.15608240918246 3.08509187362975
        -1.98035087719298 0.994385964912281 0.155648630347798 3.1006296091105
        -1.98040587823653 0.994401679496151 0.155217255677041 3.11594527240148
         -1.9804605722261 0.994417306350314 0.154788265240281 3.13104185121031
        -1.98051496172582 0.994432846207376 0.154361639327272 3.14592228745323
        -1.98056904927134 0.994448299791811 0.153937358444407 3.16058947806409
        -1.98062283737024 0.994463667820069 0.153515403311742 3.17504627578693
        -1.98067632850242 0.99447895100069 0.153095754860091 3.18929548995261
        -1.98072952512044 0.994494150034412 0.152678394228142 3.20333988723997
        -1.98078242964997 0.994509265614276 0.152263302759641 3.2171821924216
        -1.98083504449008 0.994524298425736 0.151850462000608 3.23082508909493
        -1.98088737201365 0.994539249146758 0.151439853696607 3.24427122039861
        -1.98093941456773 0.994554118447924 0.151031459790051 3.25752318971474
        -1.98099117447386 0.994568906992532 0.150625262417565 3.2705835613572
        -1.98104265402844 0.994583615436696 0.150221243907369 3.2834548612464
        -1.98109385550304 0.99459824442944 0.149819386776732 3.29613957757068
        -1.98114478114478 0.994612794612795 0.149419673729438 3.30864016143477
        -1.98119543317663 0.994627266621894 0.149022087653313 3.32095902749557
        -1.98124581379772 0.994641661085064 0.148626611617781 3.33309855458539
         -1.9812959251837 0.994655978623915 0.148233228871458 3.34506108632317
        -1.98134576948701 0.994670219853431 0.147841922839802 3.35684893171375
        -1.98139534883721 0.99468438538206 0.147452677122768 3.36846436573548
        -1.98144466534129 0.994698475811796 0.147065475492528 3.37990962991655
        -1.98149372108394 0.994712491738268 0.146680301891211 3.3911869329001
        -1.98154251812788 0.994726433750824 0.14629714042869 3.40229845099855
        -1.98159105851414 0.99474030243261 0.145915975380397 3.41324632873715
        -1.97901639344262 0.994098360655738 0.166107605482397 3.41231023918302
        -1.97907128842381 0.994113799869196 0.16567764873659 3.4074934950666
        -1.97912589693412 0.99412915851272 0.16524991181185 3.40268049422809
        -1.97918022121015 0.994144437215355 0.164824377563368 3.39787137403174
        -1.97923426346528 0.994159636599611 0.164401029022425 3.39306626869041
        -1.97928802588997 0.994174757281553 0.163979849394121 3.38826530932856
        -1.97934151065203 0.994189799870884 0.163560822055171 3.38346862404408
        -1.97939471989697 0.994204764971024 0.163143930551714 3.37867633796872
        -1.97944765574823 0.994219653179191 0.162729158597157 3.37388857332724
         -1.9795003203075 0.994234465086483 0.162316490070056 3.36910544949545
        -1.97955271565495 0.994249201277955 0.161905909012034 3.36432708305689
        -1.97960484384959 0.994263862332696 0.161497399625715 3.35955358785845
        -1.97965670692943 0.994278448823903 0.161090946272706 3.3547850750648
        -1.97970830691186 0.99429296131896 0.160686533471603 3.35002165321165
         -1.9797596457938 0.994307400379507 0.16028414589602 3.345263428258
        -1.97981072555205 0.994321766561514 0.159883768372657 3.34051050363721
        -1.97986154814349 0.994336060415356 0.1594853858794 3.33576298030711
        -1.97991211550534 0.994350282485876 0.159088983543429 3.33102095679899
        -1.97996242955542 0.994364433312461 0.158694546639383 3.3262845292657
        -1.98001249219238 0.994378513429107 0.158302060587523 3.32155379152864
        -1.98006230529595 0.994392523364486 0.157911510951951 3.31682883512388
        -1.98011187072716 0.994406463642014 0.15752288343883 3.31210974934731
        -1.98016119032858 0.994420334779913 0.157136163894643 3.30739662129882
        -1.98021026592455 0.99443413729128 0.156751338304478 3.30268953592569
        -1.98025909932141 0.994447871684146 0.156368392790338 3.29798857606499
        -1.98030769230769 0.994461538461539 0.155987313609467 3.29329382248521
        -1.98035604665439 0.994475138121547 0.155608087152707 3.28860535392693
        -1.98040416411513 0.994488671157379 0.155230699942887 3.28392324714281
        -1.98045204642639 0.994502138057422 0.154855138633218 3.27924757693667
        -1.98049969530774 0.994515539305302 0.154481390005722 3.27457841620183
        -1.98054711246201 0.994528875379939 0.154109440969689 3.26991583595865
         -1.9805942995755 0.994542146755609 0.153739278560135 3.26525990539133
        -1.98064125831821 0.994555353901996 0.153370889936316 3.26061069188398
          -1.980687990344 0.994568497284249 0.153004262380225 3.25596826105595
        -1.98073449729079 0.994581577363034 0.152639383295135 3.25133267679647
        -1.98078078078078 0.994594594594595 0.152276240204168 3.2467040012986
        -1.98082684242061 0.994607549430797 0.151914820748853 3.24208229509244
        -1.98087268380155 0.994620442319187 0.151555112687747 3.23746761707782
         -1.9809183064997 0.994633273703041 0.151197103895027 3.23286002455616
        -1.98096371207615 0.994646044021416 0.150840782359159 3.22825957326186
        -1.98100890207715 0.994658753709199 0.150486136181529 3.22366631739295
        -1.98105387803434 0.994671403197158 0.15013315357513 3.21908030964122
        -1.98109864146486 0.99468399291199 0.149781822863261 3.21450160122167
        -1.98114319387154 0.99469652327637 0.14943213247823 3.20993024190146
        -1.98118753674309 0.994708994708995 0.149084070960091 3.20536628002824
        -1.98123167155425 0.994721407624633 0.148737626955393 3.20080976255794
        -1.98127559976595 0.994733762434172 0.14839278921594 3.19626073508199
        -1.98131932282545 0.994746059544658 0.148049546597582 3.19171924185404
        -1.98136284216657 0.994758299359348 0.14770788805901 3.18718532581615
        -1.98140615920976 0.994770482277745 0.147367802660575 3.18265902862443
        -1.98144927536232 0.994782608695652 0.147029279563117 3.17814039067423
        -1.98149219201851 0.994794679005205 0.146692308026818 3.17362945112481
        -1.98153491055972 0.994806693594922 0.146356877410065 3.16912624792353
        -1.98157743235463 0.994818652849741 0.146022977168332 3.16463081782956
        -1.98161975875933 0.994830557151063 0.145690596853068 3.16014319643718
        -1.98166189111748 0.994842406876791 0.145359726110623 3.15566341819854
        -1.98170383076043 0.994854202401372 0.145030354681154 3.15119151644606
        -1.98174557900742 0.994865944095836 0.144702472397576 3.14672752341435
        -1.98178713716562 0.994877632327832 0.144376069184519 3.14227147026173
        -1.98182850653038 0.99488926746167 0.144051135057291 3.13782338709131
        -1.98186968838527 0.994900849858357 0.143727660120858 3.1333833029717
        -1.98191068400226 0.994912379875636 0.143405634568847 3.12895124595724
        -1.98195149464185 0.99492385786802 0.143085048682547 3.12452724310798
        -1.98199212155318 0.994935284186832 0.142765892829942 3.12011132050914
        -1.98203256597417 0.994946659180236 0.142448157464736 3.11570350329024
        -1.98207282913165 0.994957983193277 0.142131833125406 3.1113038156439
        -1.98211291224148 0.994969256567915 0.141816910434269 3.10691228084428
        -1.98215281650864 0.994980479643056 0.141503380096545 3.10252892126504
        -1.98219254312743 0.994991652754591 0.14119123289945 3.09815375839718
        -1.98223209328151 0.995002776235425 0.14088045971129 3.09378681286632
        -1.98227146814404 0.995013850415512 0.140571051480576 3.08942810444978
        -1.98231066887783 0.995024875621891 0.140262999235135 3.08507765209332
        -1.98234969663541 0.995035852178709 0.139956294081266 3.0807354739275
        -1.98238855255916 0.995046780407265 0.139650927202847 3.0764015872838
        -1.98242723778144 0.99505766062603 0.13934688986053 3.07207600871039
        -1.98246575342466 0.995068493150685 0.13904417339088 3.06775875398761
        -1.98250410060142 0.99507927829415 0.138742769205567 3.0634498381432
        -1.98254228041462 0.995090016366612 0.138442668790546 3.05914927546714
        -1.98258029395754 0.995100707675558 0.138143863705261 3.0548570795263
        -1.98261814231396 0.995111352525801 0.137846345581851 3.05057326317883
        -1.98265582655827 0.995121951219512 0.137550106124367 3.04629783858814
        -1.98269334775554 0.995132504056247 0.13725513710801 3.0420308172368
        -1.98273070696168 0.995143011332974 0.136961430378356 3.03777220994004
        -1.98276790522348 0.995153473344103 0.136668977850622 3.03352202685903
        -1.98280494357872 0.995163890381515 0.136377771508906 3.02928027751398
         -1.9828418230563 0.995174262734584 0.136087803405472 3.02504697079689
         -1.9828785446763 0.995184590690209 0.135799065660013 3.02082211498411
        -1.98291510945008 0.995194874532835 0.135511550458949 3.01660571774869
        -1.98295151838039 0.995205114544486 0.13522525005471 3.01239778617246
        -1.98298777246146 0.995215311004785 0.134940156765055 3.00819832675788
        -1.98302387267905 0.995225464190981 0.134656262972371 3.00400734543971
        -1.98305982001059 0.995235574377978 0.134373561123004 2.99982484759639
        -1.98309561542525 0.995245641838352 0.134092043726588 2.99565083806132
        -1.98313125988403 0.995255666842383 0.133811703355381 2.9914853211338
        -1.98316675433982 0.995265649658075 0.133532532643608 2.98732830058988
        -1.98320209973753 0.995275590551181 0.133254524286826 2.98317977969289
        -1.98323729701414 0.995285489785228 0.132977671041283 2.97903976120392
         -1.9832723470988 0.995295347621537 0.132701965723287 2.97490824739197
        -1.98330725091288 0.995305164319249 0.132427401208581 2.97078524004398
        -1.98334200937012 0.995314940135346 0.132153970431741 2.96667074047467
        -1.98337662337662 0.995324675324675 0.131881666385562 2.96256474953618
          -1.983411093831 0.995334370139969 0.131610482120459 2.95846726762753
        -1.98344542162442 0.995344024831868 0.131340410743883 2.95437829470393
        -1.98347960764068 0.995353639648942 0.131071445419725 2.95029783028591
        -1.98351365275631 0.995363214837713 0.130803579367754 2.94622587346824
        -1.98354755784062 0.995372750642673 0.130536805863033 2.94216242292874
        -1.98358132375577 0.995382247306311 0.13027111823537 2.9381074769369
        -1.98361495135689 0.995391705069124 0.130006509868757 2.93406103336236
        -1.98364844149208 0.995401124169647 0.129742974200811 2.93002308968317
        -1.98368179500255 0.995410504844467 0.129480504722245 2.92599364299402
        -1.98371501272265 0.995419847328244 0.129219094976335 2.92197269001418
        -1.98374809547994 0.995429151853733 0.128958738558371 2.9179602270954
        -1.98378104409529 0.995438418651799 0.128699429115153 2.91395625022959
         -1.9838138593829 0.995447647951442 0.128441160344467 2.90996075505644
        -1.98384654215043 0.995456839979808 0.128183925994577 2.90597373687079
        -1.98387909319899 0.995465994962217 0.127927719863713 2.90199519062998
        -1.98391151332328 0.995475113122172 0.127672535799586 2.89802511096096
        -1.98394380331159 0.995484194681385 0.127418367698887 2.89406349216739
        -1.98397596394592 0.99549323985979 0.127165209506799 2.89011032823647
          -1.984007996002 0.995502248875562 0.126913055216519 2.88616561284575
        -1.98403990024938 0.995511221945137 0.12666189886879 2.88222933936978
        -1.98407167745147 0.995520159283225 0.126411734551413 2.87830150088663
        -1.98410332836562 0.995529061102832 0.126162556398807 2.87438209018429
        -1.98413485374318 0.99553792761527 0.125914358591537 2.870471099767
        -1.98416625432954 0.995546759030183 0.125667135355854 2.86656852186138
         -1.9841975308642 0.995555555555556 0.125420880963269 2.8626743484225
        -1.98422868408083 0.995564317397733 0.125175589730086 2.85878857113986
        -1.98425971470733 0.995573044761436 0.124931256016989 2.85491118144323
        -1.98429062346588 0.995581737849779 0.124687874228588 2.85104217050834
          -1.984321411073 0.995590396864282 0.124445438813005 2.84718152926256
        -1.98435207823961 0.99559902200489 0.124203944261451 2.84332924839043
        -1.98438262567106 0.995607613469985 0.123963385107807 2.83948531833905
        -1.98441305406722 0.995616171456405 0.123723755928205 2.83564972932344
        -1.98444336412251 0.995624696159455 0.123485051340632 2.83182247133175
        -1.98447355652596 0.995633187772926 0.123247266004523 2.82800353413042
        -1.98450363196126 0.995641646489104 0.12301039462036 2.8241929072692
        -1.98453359110681 0.995650072498792 0.122774431929276 2.82039058008611
        -1.98456343463579 0.995658465991317 0.122539372712678 2.81659654171231
        -1.98459316321618 0.99566682715455 0.122305211791851 2.81281078107683
        -1.98462277751081 0.995675156174916 0.122071944027576 2.80903328691133
        -1.98465227817746 0.99568345323741 0.121839564319767 2.8052640477546
        -1.98468166586884 0.99569171852561 0.121608067607092 2.80150305195717
        -1.98471094123268 0.995699952221691 0.121377448866594 2.79775028768568
        -1.98474010491178 0.995708154506438 0.121147703113357 2.79400574292726
        -1.98476915754403 0.995716325559257 0.120918825400112 2.79026940549377
        -1.98479809976247 0.995724465558195 0.12069081081691 2.78654126302605
        -1.98482693219535 0.995732574679943 0.120463654490756 2.78282130299799
        -1.98485565546616 0.995740653099858 0.120237351585267 2.77910951272059
        -1.98488427019367 0.99574870099197 0.120011897300326 2.77540587934593
        -1.98491277699198 0.995756718528996 0.119787286871746 2.77171038987107
        -1.98494117647059 0.995764705882353 0.119563515570935 2.76802303114187
        -1.98496946923438 0.99577266322217 0.119340578704556 2.76434378985673
        -1.98499765588373 0.9957805907173 0.119118471614213 2.76067265257032
        -1.98502573701451 0.99578848853533 0.118897189676114 2.75700960569716
        -1.98505371321812 0.995796356842597 0.118676728300757 2.75335463551519
        -1.98508158508159 0.995804195804196 0.118457082932608 2.74970772816927
        -1.98510935318753 0.995812005583993 0.118238249049792 2.74606886967458
        -1.98513701811426 0.995819786344635 0.118020222163784 2.74243804592
        -1.98516458043579 0.995827538247566 0.117802997819092 2.73881524267143
        -1.98519204072189 0.995835261453031 0.117586571592968 2.73520044557499
        -1.98521939953811 0.995842956120092 0.117370939095094 2.73159364016022
        -1.98524665744583 0.995850622406639 0.117156095967296 2.72799481184323
         -1.9852738150023 0.995858260469397 0.116942037883247 2.72440394592972
        -1.98530087276068 0.995865870463941 0.11672876054817 2.72082102761804
        -1.98532783127006 0.995873452544704 0.116516259698564 2.71724604200211
        -1.98535469107551 0.995881006864989 0.116304531101907 2.71367897407433
        -1.98538145271814 0.995888533576976 0.116093570556382 2.71011980872843
        -1.98540811673507 0.995896032831737 0.1158833738906 2.70656853076229
        -1.98543468365954 0.995903504779244 0.115673936963322 2.70302512488064
         -1.9854611540209 0.995910949568378 0.115465255663189 2.6994895756978
        -1.98548752834467 0.995918367346939 0.115257325908445 2.69596186774029
        -1.98551380715256 0.995925758261657 0.115050143646684 2.69244198544946
        -1.98553999096249 0.995933122458202 0.114843704854586 2.688929913184
        -1.98556608028868 0.995940460081191 0.114638005537643 2.68542563522248
         -1.9855920756416 0.995947771274201 0.114433041729908 2.68192913576578
        -1.98561797752809 0.995955056179775 0.114228809493749 2.67844039893953
        -1.98564378645132 0.995962314939435 0.114025304919592 2.67495940879644
        -1.98566950291088 0.995969547693686 0.113822524125657 2.67148614931866
        -1.98569512740277 0.995976754582029 0.113620463257735 2.66802060442004
        -1.98572066041946 0.995983935742972 0.113419118488929 2.66456275794835
        -1.98574610244989 0.995991091314031 0.113218486019415 2.66111259368753
        -1.98577145397955 0.995998221431747 0.113018562076203 2.65767009535981
        -1.98579671549046 0.996005326231691 0.112819342912907 2.65423524662781
        -1.98582188746123 0.996012405848471 0.112620824809499 2.65080803109668
        -1.98584697036709 0.996019460415745 0.112423004072086 2.64738843231606
        -1.98587196467991 0.996026490066225 0.112225877032683 2.64397643378214
        -1.98589687086822 0.996033494931688 0.112029440048978 2.64057201893962
        -1.98592168939727 0.996040475142983 0.111833689504113 2.63717517118359
        -1.98594642072903 0.99604743083004 0.111638621806463 2.63378587386149
        -1.98597106532223 0.996054362121876 0.11144423338941 2.6304041102749
        -1.98599562363239 0.996061269146608 0.111250520711137 2.62702986368142
        -1.98602009611184 0.996068152031455 0.111057480254397 2.62366311729641
        -1.98604448320977 0.996075010902748 0.110865108526321 2.62030385429479
        -1.98606878537222 0.996081845885938 0.110673402058183 2.61695205781272
        -1.98609300304216 0.996088657105606 0.110482357405214 2.61360771094932
        -1.98611713665944 0.996095444685466 0.110291971146381 2.61027079676832
        -1.98614118666089 0.996102208748376 0.110102239884188 2.60694129829967
        -1.98616515348033 0.996108949416342 0.10991316024448 2.60361919854115
        -1.98618903754855 0.996115666810531 0.109724728876225 2.60030448045996
        -1.98621283929341 0.996122361051271 0.109536942451339 2.59699712699421
        -1.98623655913979 0.996129032258064 0.10934979766447 2.59369712105446
        -1.98626019750966 0.996135680549592 0.10916329123282 2.59040444552519
        -1.98628375482212 0.996142306043721 0.108977419895941 2.58711908326626
        -1.98630723149337 0.99614890885751 0.108792180415554 2.58384101711431
        -1.98633062793678 0.996155489107219 0.108607569575355 2.5805702298842
         -1.9863539445629 0.996162046908316 0.108423584180832 2.57730670437032
        -1.98637718177948 0.996168582375479 0.108240221059077 2.574050423348
         -1.9864003399915 0.996175095622609 0.108057477058612 2.57080136957477
        -1.98642341960119 0.996181586762834 0.107875349049195 2.5675595257917
        -1.98644642100805 0.996188055908513 0.107693833921656 2.56432487472465
        -1.98646934460888 0.996194503171247 0.107512928587711 2.5610973990855
        -1.98649219079781 0.996200928661883 0.107332629979789 2.55787708157339
        -1.98651495996629 0.996207332490518 0.107152935050857 2.55466390487591
        -1.98653765250316 0.996213714766512 0.106973840774254 2.55145785167029
        -1.98656026879462 0.996220075598488 0.106795344143515 2.54825890462451
        -1.98658280922432 0.99622641509434 0.106617442172206 2.54506704639848
        -1.98660527417329 0.996232733361239 0.106440131893756 2.54188225964511
        -1.98662766402006 0.996239030505641 0.10626341036129 2.53870452701142
        -1.98664997914059 0.996245306633292 0.106087274647473 2.53553383113957
        -1.98667221990837 0.996251561849229 0.105911721844345 2.53237015466796
        -1.98669438669439 0.996257796257796 0.105736749063153 2.52921348023219
        -1.98671647986716 0.99626400996264 0.105562353434204 2.52606379046612
        -1.98673849979279 0.996270203066722 0.105388532106705 2.5229210680028
        -1.98676044683492 0.996276375672321 0.105215282248601 2.51978529547549
        -1.98678232135481 0.996282527881041 0.105042601046433 2.51665645551855
        -1.98680412371134 0.996288659793814 0.104870485705176 2.51353453076841
        -1.98682585426101 0.99629477151091 0.104698933448091 2.51041950386446
        -1.98684751335799 0.996300863131936 0.104527941516574 2.50731135744994
        -1.98686910135412 0.996306934755847 0.104357507170015 2.50421007417281
        -1.98689061859893 0.99631298648095 0.104187627685647 2.5011156366866
        -1.98691206543967 0.996319018404908 0.104018300358396 2.49802802765127
        -1.98693344222131 0.996325030624745 0.103849522500747 2.49494722973402
        -1.98695474928659 0.996331023236853 0.103681291442594 2.49187322561008
        -1.98697598697599 0.996336996336996 0.103513604531106 2.48880599796351
        -1.98699715562779 0.996342950020317 0.103346459130579 2.48574552948797
        -1.98701825557809 0.996348884381339 0.103179852622311 2.48269180288748
        -1.98703928716079 0.996354799513973 0.103013782404448 2.47964480087717
        -1.98706025070764 0.996360695511525 0.102848245891863 2.47660450618397
        -1.98708114654824 0.996366572466694 0.102683240516017 2.47357090154736
        -1.98710197501008 0.996372430471584 0.102518763724824 2.47054396972005
        -1.98712273641851 0.996378269617706 0.102354812982522 2.46752369346866
        -1.98714343109683 0.996384089995982 0.102191385769542 2.46451005557438
        -1.98716405936623 0.996389891696751 0.102028479582382 2.46150303883364
        -1.98718462154586 0.996395674809772 0.101866091933468 2.45850262605876
        -1.98720511795282 0.99640143942423 0.101704220351044 2.45550880007853
         -1.9872255489022 0.996407185628743 0.101542862379034 2.45252154373887
        -1.98724591470705 0.996412913511359 0.101382015576924 2.44954083990341
        -1.98726621567847 0.99641862315957 0.101221677519636 2.44656667145408
        -1.98728645212555 0.99642431466031 0.101061845797407 2.44359902129169
        -1.98730662435541 0.99642998809996 0.100902518015666 2.44063787233647
        -1.98732673267327 0.996435643564356 0.100743691794921 2.43768320752867
        -1.98734677738236 0.99644128113879 0.100585364770637 2.43473500982904
        -1.98736675878405 0.996446900908014 0.100427534593114 2.4317932622194
        -1.98738667717777 0.996452502956248 0.100270198927376 2.42885794770312
        -1.98740653286108 0.996458087367178 0.100113355453056 2.42592904930567
        -1.98742632612967 0.996463654223969 0.099957001864281 2.42300655007507
        -1.98744605727736 0.996469203609259 0.0998011358695585 2.4200904330824
        -1.98746572659616 0.99647473560517 0.099645755191661 2.41718068142224
        -1.98748533437622 0.996480250293312 0.0994908575675222 2.41427727821317
         -1.9875048809059 0.996485747754783 0.099336440748127 2.41138020659821
        -1.98752436647173 0.996491228070175 0.0991825024983957 2.40848944974522
        -1.98754379135851 0.99649669131958 0.0990290405970757 2.4056049908474
         -1.9875631558492 0.996502137582588 0.0988760528366495 2.40272681312364
        -1.98758246022507 0.9965075669383 0.0987235370232078 2.39985489981899
        -1.98760170476559 0.996512979465323 0.0985714909763651 2.39698923420502
        -1.98762088974855 0.996518375241779 0.0984199125291365 2.39412979958023
        -1.98764001544998 0.996523754345307 0.0982687995278475 2.39127657927044
        -1.98765908214423 0.996529116853066 0.0981181498320343 2.38842955662915
        -1.98767809010397 0.996534462841741 0.0979679613143265 2.38558871503789
        -1.98769703960015 0.996539792387543 0.0978182318603675 2.38275403790663
        -1.98771593090211 0.996545105566219 0.0976689593687023 2.37992550867408
         -1.9877347642775 0.996550402453047 0.0975201417506781 2.37710311080802
        -1.98775353999235 0.996555683122847 0.0973717769303555 2.37428682780569
        -1.98777225831104 0.996560947649981 0.0972238628444071 2.37147664319405
        -1.98779091949638 0.996566196108356 0.0970763974420201 2.36867254053014
        -1.98780952380952 0.996571428571429 0.0969293786848056 2.36587450340136
        -1.98782807151008 0.99657664511221 0.0967828045467076 2.36308251542579
        -1.98784656285606 0.996581845803266 0.0966366730138901 2.36029656025245
        -1.98786499810391 0.996587030716723 0.0964909820846795 2.35751662156163
        -1.98788337750852 0.996592199924271 0.0963457297694408 2.35474268306513
        -1.98790170132325 0.996597353497164 0.0962009140905025 2.35197472850655
        -1.98791996979992 0.996602491506229 0.0960565330820646 2.34921274166153
        -1.98793818318884 0.996607614021862 0.0959125847901152 2.34645670633804
         -1.9879563417388 0.996612721114038 0.0957690672723253 2.34370660637661
        -1.98797444569711 0.996617812852311 0.0956259785979832 2.34096242565056
        -1.98799249530957 0.996622889305816 0.0954833168478899 2.33822414806628
        -1.98801049082053 0.996627950543275 0.0953410801142862 2.33549175756339
        -1.98802843247288 0.996632996632997 0.0951992665007584 2.33276523811503
        -1.98804632050803 0.996638027642884 0.0950578741221619 2.33004457372806
        -1.98806415516598 0.996643043640433 0.094916901104531 2.32732974844322
        -1.98808193668529 0.996648044692737 0.0947763455849966 2.32462074633542
        -1.98809966530309 0.996653030866493 0.0946362057117121 2.32191755151388
        -1.98811734125511 0.996658002227998 0.0944964796437624 2.31922014812233
        -1.98813496477568 0.996662958843159 0.094357165551088 2.31652852033921
        -1.98815253609774 0.99666790077749 0.0942182616144045 2.31384265237785
        -1.98817005545286 0.996672828096118 0.0940797660251267 2.31116252848665
        -1.98818752307124 0.996677740863787 0.0939416769852777 2.30848813294923
        -1.98820493918172 0.996682639144858 0.0938039927074321 2.30581945008464
        -1.98822230401178 0.996687523003312 0.093666711414615 2.30315646424745
        -1.98823961778758 0.996692392502756 0.0935298313402466 2.30049915982799
        -1.98825688073394 0.996697247706422 0.0933933507280535 2.29784752125242
        -1.98827409307439 0.996702088677171 0.0932572678319978 2.29520153298294
         -1.9882912550311 0.996706915477497 0.0931215809162023 2.29256117951789
        -1.98830836682499 0.996711728169529 0.0929862882548775 2.2899264453919
        -1.98832542867567 0.996716526815031 0.0928513881322459 2.28729731517602
        -1.98834244080146 0.99672131147541 0.0927168788424719 2.28467377347786
        -1.98835940341943 0.996726082211713 0.0925827586895913 2.28205580494167
        -1.98837631674537 0.996730839084635 0.0924490259874347 2.27944339424851
        -1.98839318099383 0.996735582154516 0.0923156790595616 2.27683652611633
        -1.98840999637812 0.996740311481347 0.0921827162391882 2.27423518530009
        -1.98842676311031 0.996745027124774 0.0920501358691208 2.27163935659186
        -1.98844348140123 0.996749729144095 0.091917936301682 2.26904902482093
        -1.98846015146051 0.996754417598269 0.0917861158986462 2.26646417485388
        -1.98847677349658 0.996759092545913 0.0916546730311705 2.26388479159473
        -1.98849334771665 0.996763754045307 0.0915236060797309 2.26131085998494
        -1.98850987432675 0.996768402154399 0.0913929134340492 2.25874236500359
        -1.98852635353173 0.9967730369308 0.0912625934930293 2.2561792916674
        -1.98854278553527 0.996777658431794 0.0911326446647038 2.25362162503081
        -1.98855917053986 0.996782266714337 0.0910030653661433 2.25106935018609
        -1.98857550874688 0.996786861835059 0.0908738540234193 2.24852245226338
        -1.98859180035651 0.996791443850267 0.0907450090715276 2.24598091643074
        -1.98860804556782 0.996796012815949 0.0906165289543193 2.24344472789428
        -1.98862424457874 0.996800568787771 0.0904884121244489 2.24091387189815
        -1.98864039758608 0.996805111821086 0.0903606570433162 2.23838833372461
        -1.98865650478554 0.996809641970932 0.0902332621809805 2.23586809869414
        -1.98867256637168 0.996814159292035 0.0901062260161343 2.2333531521654
          -1.988688582538 0.996818663838812 0.0899795470360072 2.23084347953535
        -1.98870455347688 0.996823155665372 0.0898532237363359 2.22833906623927
        -1.98872047937963 0.99682763482552 0.0897272546212875 2.22583989775077
        -1.98873636043647 0.996832101372756 0.0896016382034031 2.22334595958188
        -1.98875219683656 0.996836555360281 0.0894763730035422 2.22085723728306
        -1.98876798876799 0.996840996840997 0.0893514575508263 2.21837371644321
        -1.98878373641781 0.996845425867508 0.089226890382573 2.21589538268976
          -1.988799439972 0.996849842492125 0.0891026700442481 2.21342222168861
        -1.98881509961552 0.996854246766865 0.088978795089405 2.21095421914425
        -1.98883071553229 0.996858638743455 0.0888552640796281 2.20849136079969
        -1.98884628790519 0.996863018473336 0.0887320755844776 2.20603363243654
        -1.98886181691612 0.996867386007657 0.0886092281814346 2.20358101987502
        -1.98887730274592 0.996871741397289 0.0884867204558493 2.20113350897395
        -1.98889274557445 0.996876084692815 0.0883645510008773 2.19869108563075
        -1.98890814558059 0.996880415944541 0.0882427184174404 2.1962537357815
        -1.98892350294219 0.996884735202492 0.0881212213141573 2.19382144540091
        -1.98893881783616 0.996889042516419 0.0880000583073031 2.19139420050233
        -1.98895409043838 0.996893337935796 0.0878792280207517 2.18897198713773
        -1.98896932092382 0.996897621509824 0.0877587290859196 2.18655479139775
        -1.98898450946644 0.996901893287436 0.0876385601417233 2.18414259941166
        -1.98899965623926 0.996906153317291 0.087518719834522 2.18173539734736
        -1.98901476141435 0.996910401647786 0.0873992068180698 2.17933317141137
        -1.98902982516284 0.996914638327048 0.0872800197534609 2.17693590784884
        -1.98904484765491 0.996918863402944 0.0871611573090814 2.17454359294352
        -1.98905982905983 0.996923076923077 0.0870426181605666 2.17215621301775
        -1.98907476954592 0.99692727893479 0.0869244009907408 2.16977375443246
         -1.9890896692806 0.996931469485169 0.0868065044895712 2.16739620358713
        -1.98910452843037 0.996935648621042 0.0866889273541318 2.16502354691977
        -1.98911934716083 0.996939816388983 0.0865716682885367 2.16265577090695
        -1.98913412563667 0.996943972835314 0.0864547260039021 2.1602928620637
         -1.9891488640217 0.996948118006104 0.0863380992183043 2.15793480694354
        -1.98916356247884 0.996952251947172 0.0862217866567185 2.15558159213845
         -1.9891782211701 0.996956374704092 0.0861057870509896 2.1532332042788
        -1.98919284025667 0.996960486322188 0.0859900991397673 2.15088963003339
        -1.98920741989882 0.996964586846543 0.0858747216684819 2.14855085610936
        -1.98922196025598 0.996968676321994 0.0857596533892782 2.14621686925217
        -1.98923646148671 0.996972754793138 0.0856448930609819 2.1438876562456
        -1.98925092374874 0.996976822304333 0.0855304394490553 2.14156320391166
        -1.98926534719893 0.996980878899698 0.085416291325549 2.1392434991106
         -1.9892797319933 0.996984924623116 0.0853024474690596 2.13692852874086
        -1.98929407828705 0.996988959518234 0.0851889066646851 2.13461827973899
        -1.98930838623455 0.996992983628466 0.0850756677039826 2.13231273907968
        -1.98932265598932 0.996996996996997 0.0849627293849284 2.13001189377566
         -1.9893368877041 0.997000999666778 0.0848500905118712 2.12771573087767
        -1.98935108153078 0.997004991680532 0.0847377498954884 2.12542423747443
        -1.98936523762047 0.997008973080758 0.0846257063527478 2.12313740069257
        -1.98937935612346 0.997012943909725 0.0845139587068715 2.12085520769662
        -1.98939343718926 0.99701690420948 0.0844025057872813 2.1185776456889
        -1.98940748096657 0.997020854021847 0.0842913464295663 2.11630470190954
        -1.98942148760331 0.99702479338843 0.0841804794754459 2.11403636363636
        -1.98943545724662 0.997028722350611 0.0840699037727202 2.11177261818488
        -1.98944939004286 0.997032640949555 0.0839596181752356 2.10951345290822
        -1.98946328613764 0.99703654922621 0.0838496215428446 2.10725885519705
        -1.98947714567576 0.997040447221309 0.0837399127413683 2.10500881247958
        -1.98949096880131 0.997044334975369 0.0836304906425518 2.10276331222144
        -1.98950475565759 0.997048212528698 0.0835213541240307 2.10052234192566
        -1.98951850638716 0.997052079921389 0.0834125020692955 2.09828588913259
        -1.98953222113183 0.997055937193327 0.08330393336764 2.09605394141986
        -1.98954590003267 0.997059784384188 0.0831956469141399 2.09382648640232
        -1.98955954323002 0.997063621533442 0.0830876416096054 2.09160351173194
        -1.98957315086347 0.997067448680352 0.0829799163605482 2.0893850050978
        -1.98958672307192 0.997071265863977 0.0828724700791437 2.08717095422599
         -1.9896002599935 0.997075073123172 0.0827653016831889 2.08496134687956
        -1.98961376176566 0.997078870496592 0.0826584100960748 2.08275617085842
        -1.98962722852512 0.99708265802269 0.0825517942467471 2.08055541399935
         -1.9896406604079 0.997086435739722 0.0824454530696705 2.07835906417586
         -1.9896540575493 0.997090203685742 0.0823393855047883 2.07616710929815
        -1.98966742008395 0.997093961898612 0.0822335904974967 2.07397953731303
        -1.98968074814576 0.997097710415995 0.0821280669985995 2.07179633620387
        -1.98969404186795 0.997101449275362 0.0820228139642829 2.06961749399052
        -1.98970730138308 0.997105178513992 0.0819178303560744 2.06744299872924
          -1.989720526823 0.997108898168969 0.081813115140811 2.06527283851261
         -1.9897337183189 0.99711260827719 0.0817086672906058 2.06310700146948
        -1.98974687600128 0.997116308875361 0.0816044857828135 2.06094547576489
                 -1.98976 0.99712 0.0815005696000011 2.0587882496
          -1.989133908597 0.996963886225631 0.0864564434545194 2.0583377533708
        -1.98850941589531 0.996648579636132 0.0913965387452684 2.06729756820942
        -1.98852406758049 0.99665285304431 0.0912806712564844 2.07924177470277
        -1.98853868194842 0.99665711556829 0.0911650971666891 2.09111847183237
        -1.98855325914149 0.996661367249603 0.0910498153629167 2.1029280585177
        -1.98856779930137 0.996665608129565 0.0909348247378201 2.11467093093413
        -1.98858230256898 0.996669838249286 0.0908201241896389 2.12634748253492
        -1.98859676908457 0.996674057649667 0.0907057126221655 2.13795810407289
        -1.98861119898766 0.996678266371401 0.0905915889447098 2.14950318362205
        -1.98862559241706 0.996682464454976 0.0904777520720543 2.16098310659888
        -1.98863994951089 0.996686651940675 0.0903642009244461 2.17239825578356
        -1.98865427040656 0.996690828868579 0.0902509344275266 2.18374901134086
        -1.98866855524079 0.996694995278565 0.0901379515123306 2.19503575084098
        -1.98868280414964 0.996699151210311 0.0900252511152306 2.20625884928006
        -1.98869701726845 0.996703296703297 0.0899128321779123 2.21741867910067
        -1.98871119473189 0.996707431796802 0.0898006936473479 2.22851561021192
        -1.98872533667397 0.996711556529909 0.0896888344757443 2.23955001000956
        -1.98873944322803 0.996715670941508 0.0895772536205293 2.2505222433958
        -1.98875351452671 0.996719775070291 0.089465950044314 2.26143267279897
        -1.98876755070203 0.996723868954758 0.0893549227148487 2.272281658193
        -1.98878155188532 0.996727952633219 0.0892441706050136 2.28306955711679
        -1.98879551820728 0.996732026143791 0.0891336926927639 2.29379672469327
        -1.98880944979795 0.996736089524402 0.0890234879611143 2.3044635136484
        -1.98882334678671 0.996740142812791 0.0889135553981024 2.31507027432999
        -1.98883720930233 0.996744186046512 0.0888038939967544 2.32561735472628
         -1.9888510374729 0.99674821926293 0.0886945027550627 2.33610510048443
        -1.98886483142592 0.996752242499227 0.0885853806759442 2.34653385492881
        -1.98887859128823 0.9967562557924 0.0884765267672236 2.35690395907911
        -1.98889231718605 0.996760259179266 0.0883679400415893 2.36721575166833
        -1.98890600924499 0.996764252696456 0.0882596195165721 2.37746956916057
        -1.98891966759003 0.996768236380425 0.088151564214515 2.38766574576869
        -1.98893329234553 0.996772210267445 0.0880437731625445 2.39780461347179
        -1.98894688363525 0.996776174393614 0.0879362453925321 2.40788650203256
        -1.98896044158234 0.996780128794848 0.0878289799410776 2.41791173901444
        -1.98897396630934 0.996784073506891 0.0877219758494778 2.42788064979867
        -1.98898745793821 0.99678800856531 0.0876152321636905 2.43779355760113
        -1.98900091659028 0.9967919340055 0.0875087479343115 2.44765078348913
        -1.98901434238633 0.996795849862679 0.08740252221655 2.45745264639791
        -1.98902773544651 0.996799756171899 0.0872965540701909 2.46719946314715
        -1.98904109589041 0.996803652968037 0.0871908425595791 2.4768915484572
        -1.98905442383703 0.996807540285801 0.0870853867535839 2.48652921496524
         -1.9890677194048 0.996811418159733 0.086980185725567 2.49611277324131
        -1.98908098271156 0.996815286624204 0.0868752385533718 2.50564253180413
        -1.98909421387458 0.99681914571342 0.086770544319279 2.51511879713683
        -1.98910741301059 0.996822995461422 0.0866661021099926 2.52454187370257
        -1.98912058023572 0.996826835902085 0.086561911016604 2.53391206395993
        -1.98913371566556 0.996830667069122 0.0864579701345729 2.54322966837825
        -1.98914681941513 0.996834488996081 0.0863542785636966 2.55249498545284
        -1.98915989159892 0.99683830171635 0.0862508354080838 2.56170831171994
        -1.98917293233083 0.996842105263158 0.0861476397761312 2.57086994177172
        -1.98918594172424 0.99684589966957 0.0860446907805024 2.57998016827102
        -1.98919891989199 0.996849684968497 0.0859419875380869 2.589039281966
        -1.98921186694636 0.996853461192688 0.0858395291699967 2.59804757170469
         -1.9892247829991 0.996857228374738 0.0857373148015181 2.60700532444937
        -1.98923766816143 0.996860986547085 0.0856353435621067 2.61591282529085
        -1.98925052254404 0.996864735742013 0.0855336145853531 2.62477035746265
        -1.98926334625708 0.996868475991649 0.0854321270089535 2.63357820235499
        -1.98927613941019 0.996872207327971 0.0853308799747001 2.64233663952869
        -1.98928890211247 0.996875929782803 0.0852298726284424 2.65104594672903
        -1.98930163447251 0.996879643387816 0.085129104120071 2.65970639989932
         -1.9893143365984 0.996883348174533 0.085028573603493 2.66831827319454
        -1.98932700859769 0.996887044174325 0.0849282802366051 2.67688183899471
        -1.98933965057744 0.996890731418419 0.0848282231812707 2.68539736791823
        -1.98935226264419 0.996894409937888 0.0847284016033019 2.69386512883512
        -1.98936484490399 0.996898079763663 0.0846288146724294 2.70228538888004
        -1.98937739746238 0.996901740926527 0.0845294615622851 2.71065841346533
         -1.9893899204244 0.996905393457118 0.0844303414503731 2.71898446629384
        -1.98940241389461 0.996909037385929 0.0843314535180522 2.7272638093717
        -1.98941487797707 0.996912672743311 0.0842327969505146 2.735496703021
        -1.98942731277533 0.996916299559471 0.0841343709367539 2.74368340589226
        -1.98943971839249 0.996919917864476 0.0840361746695564 2.75182417497692
        -1.98945209493115 0.996923527688251 0.0839382073454686 2.75991926561967
        -1.98946444249342 0.996927129060579 0.0838404681647784 2.76796893153061
        -1.98947676118094 0.996930722011108 0.0837429563314984 2.77597342479746
        -1.98948905109489 0.996934306569343 0.0836456710533326 2.78393299589749
        -1.98950131233596 0.996937882764654 0.0835486115416675 2.7918478937095
        -1.98951354500437 0.996941450626274 0.083451777011545 2.7997183655256
        -1.98952574919988 0.996945010183299 0.0833551666816348 2.80754465706293
         -1.9895379250218 0.99694856146469 0.0832587797742335 2.81532701247525
        -1.98955007256894 0.996952104499274 0.0831626155152172 2.82306567436452
        -1.98956219193969 0.996955639315744 0.0830666731340433 2.83076088379225
        -1.98957428323197 0.996959165942659 0.0829709518637127 2.83841288029087
        -1.98958634654325 0.996962684408447 0.082875450940767 2.84602190187492
        -1.98959838197053 0.996966194741404 0.0827801696052468 2.85358818505223
        -1.98961038961039 0.996969696969697 0.0826851071006907 2.86111196483491
        -1.98962236955895 0.996973191121361 0.0825902626741097 2.86859347475033
        -1.98963432191189 0.996976677224302 0.0824956355759614 2.87603294685198
        -1.98964624676445 0.996980155306299 0.0824012250601331 2.8834306117302
        -1.98965814421143 0.996983625395001 0.0823070303839266 2.89078669852289
         -1.9896700143472 0.996987087517934 0.0822130508080328 2.89810143492607
        -1.98968185726569 0.996990541702494 0.0821192855965194 2.90537504720441
        -1.98969367306041 0.996993987975952 0.0820257340168045 2.9126077602016
        -1.98970546182442 0.996997426365456 0.0819323953396385 2.91979979735071
        -1.98971722365039 0.997000856898029 0.0818392688390919 2.92695138068439
        -1.98972895863053 0.997004279600571 0.0817463537925249 2.93406273084507
        -1.98974066685665 0.997007694499857 0.0816536494805806 2.94113406709499
        -1.98975234842015 0.997011101622545 0.0815611551871616 2.94816560732618
          -1.989764003412 0.997014500995166 0.0814688701994122 2.9551575680704
        -1.98977563192275 0.997017892644135 0.0813767938076886 2.96211016450895
        -1.98978723404255 0.997021276595745 0.0812849253055692 2.96902361048237
        -1.98979880986115 0.997024652876169 0.0811932639897996 2.97589811850015
        -1.98981035946787 0.997028021511463 0.0811018091603088 2.98273389975027
        -1.98982188295165 0.997031382527566 0.0810105601201698 2.98953116410875
        -1.98983338040102 0.997034735950297 0.0809195161755856 2.996290120149
        -1.98984485190409 0.99703808180536 0.0808286766358783 3.00301097515124
        -1.98985629754861 0.997041420118343 0.0807380408134684 3.00969393511171
         -1.9898677174219 0.99704475091472 0.0806476080238543 3.01633920475191
        -1.98987911161091 0.997048074219848 0.0805573775855972 3.02294698752767
        -1.98989048020219 0.997051390058972 0.0804673488203083 3.02951748563824
        -1.98990182328191 0.997054698457223 0.0803775210526219 3.03605090003521
        -1.98991314093584 0.997057999439619 0.080287893610187 3.04254743043145
        -1.98992443324937 0.997061293031066 0.0801984658236528 3.04900727530992
        -1.98993570030752 0.99706457925636 0.0801092370266385 3.05543063193238
        -1.98994694219492 0.997067858140184 0.0800202065557301 3.06181769634815
        -1.98995815899582 0.997071129707113 0.0799313737504583 3.06816866340264
        -1.98996935079409 0.99707439398161 0.0798427379532889 3.07448372674594
        -1.98998051767325 0.997077650988032 0.079754298509588 3.08076307884126
        -1.98999165971643 0.997080900750625 0.07966605476763 3.08700691097337
        -1.99000277700639 0.99708414329353 0.0795780060785667 3.09321541325688
        -1.99001386962552 0.997087378640777 0.0794901517964153 3.09938877464455
        -1.99002493765586 0.997090606816293 0.0794024912780404 3.10552718293549
        -1.99003598117908 0.997093827843897 0.0793150238831402 3.11163082478325
        -1.99004700027647 0.997097041747304 0.079227748974235 3.11769988570393
          -1.990057995029 0.997100248550124 0.0791406659166451 3.12373455008416
        -1.99006896551724 0.997103448275862 0.0790537740784778 3.12973500118906
        -1.99007991182144 0.99710664094792 0.0789670728306096 3.1357014211701
        -1.99009083402147 0.997109826589595 0.078880561546681 3.1416339910729
        -1.99010173219687 0.997113005224086 0.0787942396030665 3.14753289084501
        -1.99011260642681 0.997116176874485 0.078708106378869 3.15339829934356
        -1.99012345679012 0.997119341563786 0.0786221612559075 3.15923039434293
        -1.99013428336531 0.997122499314881 0.078536403618692 3.16502935254226
         -1.9901450862305 0.997125650150561 0.0784508328544185 3.17079534957299
        -1.99015586546349 0.997128794093519 0.078365448352951 3.17652856000632
        -1.99016662114176 0.997131931166348 0.0782802495068058 3.18222915736055
        -1.99017735334243 0.997135061391542 0.0781952357111351 3.18789731410842
        -1.99018806214227 0.997138184791496 0.0781104063637184 3.19353320168441
        -1.99019874761775 0.997141301388511 0.0780257608649482 3.19913699049191
        -1.99020940984498 0.997144411204786 0.077941298617807 3.20470884991038
        -1.99022004889976 0.997147514262429 0.0778570190278636 3.21024894830248
        -1.99023066485753 0.997150610583446 0.0777729215032519 3.21575745302107
        -1.99024125779344 0.997153700189753 0.0776890054546655 3.22123453041619
        -1.99025182778229 0.997156783103168 0.0776052702953276 3.22668034584205
        -1.99026237489857 0.997159859345415 0.0775217154410051 3.23209506366383
        -1.99027289921643 0.997162928938125 0.0774383403099606 3.23747884726453
        -1.99028340080972 0.997165991902834 0.0773551443229685 3.24283185905176
        -1.99029387975195 0.997169048260987 0.077272126903285 3.24815426046442
        -1.99030433611635 0.997172098033935 0.0771892874766369 3.25344621197938
        -1.99031476997579 0.997175141242938 0.0771066254712185 3.25870787311807
        -1.99032518140285 0.997178177909164 0.0770241403176595 3.26393940245305
         -1.9903355704698 0.997181208053691 0.0769418314490338 3.26914095761452
        -1.99034593724859 0.997184231697506 0.0768596983008312 3.27431269529675
        -1.99035628181088 0.997187248861505 0.0767777403109466 3.27945477126452
        -1.99036660422799 0.997190259566497 0.0766959569196768 3.28456734035943
        -1.99037690457097 0.9971932638332 0.0766143475696932 3.28965055650625
        -1.99038718291055 0.997196261682243 0.0765329117060389 3.29470457271912
        -1.99039743931715 0.997199253134169 0.0764516487761178 3.29972954110782
        -1.99040767386091 0.997202238209432 0.0763705582296748 3.30472561288388
        -1.99041788661166 0.9972052169284 0.0762896395187855 3.3096929383667
        -1.99042807763893 0.997208189311353 0.0762088920978474 3.31463166698963
        -1.99043824701195 0.997211155378486 0.0761283154235652 3.31954194730595
        -1.99044839479968 0.997214115149907 0.0760479089549353 3.32442392699489
        -1.99045852107077 0.99721706864564 0.0759676721532436 3.32927775286749
        -1.99046862589357 0.997220015885623 0.0758876044820429 3.33410357087254
        -1.99047870933615 0.997222956889712 0.0758077054071435 3.33890152610237
        -1.99048877146631 0.997225891677675 0.0757279743966048 3.34367176279864
        -1.99049881235154 0.9972288202692 0.0756484109207243 3.3484144243581
        -1.99050883205906 0.997231742683891 0.0755690144520162 3.35312965333827
        -1.99051883065578 0.997234658941269 0.0754897844652191 3.35781759146309
        -1.99052880820837 0.997237569060773 0.0754107204372545 3.36247837962856
        -1.99053876478318 0.997240473061761 0.0753318218472483 3.36711215790828
        -1.99054870044631 0.997243370963507 0.0752530881764955 3.37171906555897
        -1.99055861526357 0.997246262785208 0.0751745189084598 3.37629924102596
         -1.9905685093005 0.997249148545979 0.07509611352876 3.38085282194866
        -1.99057838262235 0.997252028264852 0.075017871525155 3.38537994516591
        -1.99058823529412 0.997254901960784 0.0749397923875446 3.38988074672135
        -1.99059806738052 0.997257769652651 0.0748618756079384 3.39435536186875
          -1.990607878946 0.997260631359249 0.0747841206804658 3.3988039250773
        -1.99061767005473 0.997263487099296 0.0747065271013501 3.40322657003679
        -1.99062744077063 0.997266336891435 0.0746290943689072 3.40762342966287
        -1.99063719115735 0.997269180754226 0.0745518219835262 3.41199463610214
        -1.99064692127825 0.997272018706157 0.0744747094476672 3.41634032073735
        -1.99065663119647 0.997274850765637 0.074397756265844 3.42066061419239
        -1.99066632097485 0.997277676950998 0.0743209619446148 3.42495564633738
        -1.99067599067599 0.997280497280497 0.0742443259925771 3.42922554629366
        -1.99068564036223 0.997283311772316 0.0741678479203518 3.43347044243878
        -1.99069527009563 0.997286120444559 0.0740915272405704 3.43769046241135
        -1.99070487993803 0.99728892331526 0.0740153634678755 3.44188573311603
        -1.99071446995099 0.997291720402373 0.0739393561188919 3.44605638072829
        -1.99072404019583 0.997294511723783 0.0738635047122393 3.45020253069928
        -1.99073359073359 0.997297297297297 0.073787808768504 3.4543243077606
         -1.9907431216251 0.997300077140653 0.0737122678102384 3.45842183592903
         -1.9907526329309 0.997302851271513 0.0736368813619457 3.46249523851124
        -1.99076212471132 0.997305619707467 0.0735616489500721 3.46654463810848
         -1.9907715970264 0.997308382466034 0.0734865701030003 3.47057015662118
        -1.99078104993598 0.997311139564661 0.0734116443510331 3.4745719152536
        -1.99079048349962 0.997313891020721 0.0733368712263864 3.47855003451834
        -1.99079989777664 0.997316636851521 0.0732622502631841 3.48250463424095
        -1.99080929282614 0.997319377074292 0.0731877809974382 3.48643583356433
        -1.99081866870696 0.997322111706197 0.0731134629670507 3.4903437509533
        -1.99082802547771 0.997324840764331 0.0730392957117925 3.49422850419895
        -1.99083736319674 0.997327564265716 0.0729652787733084 3.4980902104231
         -1.9908466819222 0.997330282227307 0.0728914116950925 3.50192898608261
        -1.99085598171196 0.997332994665989 0.0728176940224863 3.50574494697376
         -1.9908652626237 0.997335701598579 0.0727441253026679 3.50953820823655
        -1.99087452471483 0.997338403041825 0.0726707050846471 3.51330888435892
        -1.99088376804254 0.997341099012408 0.0725974329192525 3.51705708918106
         -1.9908929926638 0.997343789526942 0.0725243083591156 3.52078293589955
        -1.99090219863533 0.997346474601971 0.0724513309586783 3.5244865370716
        -1.99091138601363 0.997349154253976 0.0723785002741639 3.52816800461913
        -1.99092055485498 0.997351828499369 0.0723058158635848 3.53182744983295
        -1.99092970521542 0.997354497354497 0.0722332772867276 3.53546498337678
        -1.99093883715077 0.997357160835641 0.0721608841051378 3.53908071529134
        -1.99094795071662 0.997359818959014 0.0720886358821211 3.54267475499839
        -1.99095704596835 0.997362471740769 0.0720165321827277 3.54624721130469
         -1.9909661229611 0.997365119196989 0.0719445725737504 3.54979819240596
        -1.99097518174981 0.997367761343695 0.0718727566237085 3.55332780589087
        -1.99098422238918 0.997370398196844 0.0718010839028391 3.55683615874487
         -1.9909932449337 0.997373029772329 0.0717295539831007 3.56032335735414
