-2 1 0 0
-2 1 0 0
-2 1 0 0
-2 1 0 0
-2 1 0 0
-2 1 0 0
-2 1 0 0
-2 1 0 0
-1.77778 0.888889 1.58025 0.395062
-1.6 0.8 2.56 0.64
-1.63636 0.818182 2.38017 0.595041
-1.66667 0.833333 2.22222 0.555556
-1.69231 0.846154 2.08284 0.52071
-1.71429 0.857143 1.95918 0.489796
-1.73333 0.866667 1.84889 0.462222
-1.75 0.875 1.75 0.4375
-1.64706 0.852941 2.32526 0.442907
-1.55556 0.805556 2.76543 0.570988
-1.57895 0.815789 2.65928 0.548476
-1.6 0.825 2.56 0.5275
-1.61905 0.833333 2.46712 0.507937
-1.63636 0.840909 2.38017 0.489669
-1.65217 0.847826 2.29868 0.47259
-1.66667 0.854167 2.22222 0.456597
-1.68 0.86 2.1504 0.4416
-1.69231 0.865385 2.08284 0.427515
-1.7037 0.87037 2.0192 0.414266
-1.71429 0.875 1.95918 0.401786
-1.72414 0.87931 1.9025 0.390012
-1.73333 0.883333 1.84889 0.378889
-1.74194 0.887097 1.79813 0.368366
-1.75 0.890625 1.75 0.358398
-1.75758 0.893939 1.70432 0.348944
-1.76471 0.897059 1.6609 0.339965
-1.77143 0.9 1.61959 0.331429
-1.72222 0.888889 1.91358 0.339506
-1.72973 0.891892 1.86998 0.331629
-1.73684 0.894737 1.82825 0.3241
-1.74359 0.897436 1.7883 0.316897
-1.75 0.9 1.75 0.31
