0 0 -0.005 0.0025 0.005 0 0
0 0 -0.005 0.005 0.01 0 -2
0 0 -0.005 0.0075 0.015 0 -6
0 0 0.005 0.01 0.02 0 -12
0 0 0.005 0.0125 0.025 0 -20
0 0 0.005 0.015 0.03 0 -30
0 0 -0.005 0.0175 0.035 0 -42
0 0 -0.005 0.02 0.04 0 -56
0 0 -0.005 0.0225 0.045 0 -72
0 0 -0.005 0.025 0.05 0 -90
0 0 0.005 0.0275 0.055 0 -110
0 0 0.005 0.03 0.06 0 -132
0 0 0.005 0.0325 0.065 0 -156
0 0 -0.005 0.035 0.07 0 -182
0 0 0.005 0.0375 0.075 0 -210
0 0 -0.005 0.04 0.08 0 -240
0 0 -0.005 0.0425 0.085 0 -272
0 0 -0.005 0.045 0.09 0 -306
0 0 0.005 0.0475 0.095 0 -342
0 0 -0.005 0.05 0.1 0 -380
0 0 -0.005 0.0525 0.105 0 -420
0 0 -0.005 0.055 0.11 0 -462
0 0 0.005 0.0575 0.115 0 -506
0 0 0.005 0.06 0.12 0 -552
0 0 0.005 0.0625 0.125 0 -600
0 0 0.005 0.065 0.13 0 -650
0 0 -0.005 0.0675 0.135 0 -702
0 0 0.005 0.07 0.14 0 -756
0 0 -0.005 0.0725 0.145 0 -812
0 0 -0.005 0.075 0.15 0 -870
0 0 -0.005 0.0775 0.155 0 -930
0 0 -0.005 0.08 0.16 0 -992
0 0 0.005 0.0825 0.165 0 -1056
0 0 -0.005 0.085 0.17 0 -1122
0 0 0.005 0.0875 0.175 0 -1190
0 0 -0.005 0.09 0.18 0 -1260
0 0 -0.005 0.0925 0.185 0 -1332
0 0 -0.005 0.095 0.19 0 -1406
0 0 0.005 0.0975 0.195 0 -1482
0 0 -0.005 0.1 0.2 0 -1560
0 0 0.005 0.1025 0.205 0 -1640
0 0 0.005 0.105 0.21 0 -1722
0 0 0.005 0.1075 0.215 0 -1806
0 0 0.005 0.11 0.22 0 -1892
0 0 -0.005 0.1125 0.225 0 -1980
0 0 -0.005 0.115 0.23 0 -2070
0 0 -0.005 0.1175 0.235 0 -2162
0 0 -0.005 0.12 0.24 0 -2256
0 0 -0.005 0.1225 0.245 0 -2352
0 0 0.005 0.125 0.25 0 -2450
0 0 -0.005 0.1275 0.255 0 -2550
0 0 -0.005 0.13 0.26 0 -2652
0 0 -0.005 0.1325 0.265 0 -2756
0 0 -0.005 0.135 0.27 0 -2862
0 0 0.005 0.1375 0.275 0 -2970
0 0 -0.005 0.14 0.28 0 -3080
0 0 -0.005 0.1425 0.285 0 -3192
0 0 0.005 0.145 0.29 0 -3306
0 0 0.005 0.1475 0.295 0 -3422
0 0 0.005 0.15 0.3 0 -3540
0 0 -0.005 0.1525 0.305 0 -3660
0 0 0.005 0.155 0.31 0 -3782
0 0 -0.005 0.1575 0.315 0 -3906
0 0 0.005 0.16 0.32 0 -4032
0 0 -0.005 0.1625 0.325 0 -4160
0 0 -0.005 0.165 0.33 0 -4290
0 0 0.005 0.1675 0.335 0 -4422
0 0 -0.005 0.17 0.34 0 -4556
0 0 0.005 0.1725 0.345 0 -4692
0 0 0.005 0.175 0.35 0 -4830
0 0 0.005 0.1775 0.355 0 -4970
0 0 0.005 0.18 0.36 0 -5112
0 0 0.005 0.1825 0.365 0 -5256
0 0 0.005 0.185 0.37 0 -5402
0 0 -0.005 0.1875 0.375 0 -5550
0 0 -0.005 0.19 0.38 0 -5700
0 0 -0.005 0.1925 0.385 0 -5852
0 0 -0.005 0.195 0.39 0 -6006
0 0 0.005 0.1975 0.395 0 -6162
0 0 0.005 0.2 0.4 0 -6320
0 0 -0.005 0.2025 0.405 0 -6480
0 0 -0.005 0.205 0.41 0 -6642
0 0 0.005 0.2075 0.415 0 -6806
0 0 -0.005 0.21 0.42 0 -6972
0 0 0.005 0.2125 0.425 0 -7140
0 0 0.005 0.215 0.43 0 -7310
0 0 -0.005 0.2175 0.435 0 -7482
0 0 -0.005 0.22 0.44 0 -7656
0 0 0.005 0.2225 0.445 0 -7832
0 0 -0.005 0.225 0.45 0 -8010
0 0 0.005 0.2275 0.455 0 -8190
0 0 0.005 0.23 0.46 0 -8372
0 0 -0.005 0.2325 0.465 0 -8556
0 0 0.005 0.235 0.47 0 -8742
0 0 0.005 0.2375 0.475 0 -8930
0 0 0.005 0.24 0.48 0 -9120
0 0 -0.005 0.2425 0.485 0 -9312
0 0 0.005 0.245 0.49 0 -9506
0 0 -0.005 0.2475 0.495 0 -9702
0 0 -0.005 0.25 0.5 0 -9900
0 0 -0.005 0.2525 0.505 0 -10100
0 0 0.005 0.255 0.51 0 -10302
0 0 0.005 0.2575 0.515 0 -10506
0 0 -0.005 0.26 0.52 0 -10712
0 0 -0.005 0.2625 0.525 0 -10920
0 0 0.005 0.265 0.53 0 -11130
0 0 0.005 0.2675 0.535 0 -11342
0 0 0.005 0.27 0.54 0 -11556
0 0 0.005 0.2725 0.545 0 -11772
0 0 0.005 0.275 0.55 0 -11990
0 0 0.005 0.2775 0.555 0 -12210
0 0 0.005 0.28 0.56 0 -12432
0 0 0.005 0.2825 0.565 0 -12656
0 0 -0.005 0.285 0.57 0 -12882
0 0 -0.005 0.2875 0.575 0 -13110
0 0 0.005 0.29 0.58 0 -13340
0 0 0.005 0.2925 0.585 0 -13572
0 0 -0.005 0.295 0.59 0 -13806
0 0 0.005 0.2975 0.595 0 -14042
0 0 -0.005 0.3 0.6 0 -14280
0 0 -0.005 0.3025 0.605 0 -14520
0 0 0.005 0.305 0.61 0 -14762
0 0 0.005 0.3075 0.615 0 -15006
0 0 -0.005 0.31 0.62 0 -15252
0 0 -0.005 0.3125 0.625 0 -15500
0 0 0.005 0.315 0.63 0 -15750
0 0 -0.005 0.3175 0.635 0 -16002
0 0 -0.005 0.32 0.64 0 -16256
0 0 0.005 0.3225 0.645 0 -16512
0 0 -0.005 0.325 0.65 0 -16770
0 0 -0.005 0.3275 0.655 0 -17030
0 0 -0.005 0.33 0.66 0 -17292
0 0 -0.005 0.3325 0.665 0 -17556
0 0 0.005 0.335 0.67 0 -17822
0 0 -0.005 0.3375 0.675 0 -18090
0 0 -0.005 0.34 0.68 0 -18360
0 0 0.005 0.3425 0.685 0 -18632
0 0 0.005 0.345 0.69 0 -18906
0 0 0.005 0.3475 0.695 0 -19182
0 0 0.005 0.35 0.7 0 -19460
0 0 0.005 0.3525 0.705 0 -19740
0 0 -0.005 0.355 0.71 0 -20022
0 0 -0.005 0.3575 0.715 0 -20306
0 0 0.005 0.36 0.72 0 -20592
0 0 -0.005 0.3625 0.725 0 -20880
0 0 -0.005 0.365 0.73 0 -21170
0 0 -0.005 0.3675 0.735 0 -21462
0 0 0.005 0.37 0.74 0 -21756
0 0 0.005 0.3725 0.745 0 -22052
0 0 -0.005 0.375 0.75 0 -22350
0 0 0.005 0.3775 0.755 0 -22650
0 0 -0.005 0.38 0.76 0 -22952
0 0 0.005 0.3825 0.765 0 -23256
0 0 0.005 0.385 0.77 0 -23562
0 0 -0.005 0.3875 0.775 0 -23870
0 0 -0.005 0.39 0.78 0 -24180
0 0 -0.005 0.3925 0.785 0 -24492
0 0 0.005 0.395 0.79 0 -24806
0 0 0.005 0.3975 0.795 0 -25122
0 0 -0.005 0.4 0.8 0 -25440
0 0 0.005 0.4025 0.805 0 -25760
0 0 -0.005 0.405 0.81 0 -26082
0 0 -0.005 0.4075 0.815 0 -26406
0 0 0.005 0.41 0.82 0 -26732
0 0 -0.005 0.4125 0.825 0 -27060
0 0 -0.005 0.415 0.83 0 -27390
0 0 -0.005 0.4175 0.835 0 -27722
0 0 -0.005 0.42 0.84 0 -28056
0 0 0.005 0.4225 0.845 0 -28392
0 0 0.005 0.425 0.85 0 -28730
0 0 0.005 0.4275 0.855 0 -29070
0 0 0.005 0.43 0.86 0 -29412
0 0 -0.005 0.4325 0.865 0 -29756
0 0 0.005 0.435 0.87 0 -30102
0 0 -0.005 0.4375 0.875 0 -30450
0 0 0.005 0.44 0.88 0 -30800
0 0 0.005 0.4425 0.885 0 -31152
0 0 0.005 0.445 0.89 0 -31506
0 0 0.005 0.4475 0.895 0 -31862
0 0 -0.005 0.45 0.9 0 -32220
0 0 0.005 0.4525 0.905 0 -32580
0 0 -0.005 0.455 0.91 0 -32942
0 0 -0.005 0.4575 0.915 0 -33306
0 0 -0.005 0.46 0.92 0 -33672
0 0 0.005 0.4625 0.925 0 -34040
0 0 -0.005 0.465 0.93 0 -34410
0 0 -0.005 0.4675 0.935 0 -34782
0 0 -0.005 0.47 0.94 0 -35156
0 0 -0.005 0.4725 0.945 0 -35532
0 0 -0.005 0.475 0.95 0 -35910
0 0 0.005 0.4775 0.955 0 -36290
0 0 -0.005 0.48 0.96 0 -36672
0 0 -0.005 0.4825 0.965 0 -37056
0 0 -0.005 0.485 0.97 0 -37442
0 0 0.005 0.4875 0.975 0 -37830
0 0 0.005 0.49 0.98 0 -38220
0 0 0.005 0.4925 0.985 0 -38612
0 0 0.005 0.495 0.99 0 -39006
0 0 0.005 0.4975 0.995 0 -39402
0 0 -0.005 0.5 1 0 -39800
0 0 -0.005 0.5025 1.005 0 -40200
0 0 -0.005 0.505 1.01 0 -40602
0 0 0.005 0.5075 1.015 0 -41006
0 0 0.005 0.51 1.02 0 -41412
0 0 -0.005 0.5125 1.025 0 -41820
0 0 0.005 0.515 1.03 0 -42230
0 0 0.005 0.5175 1.035 0 -42642
0 0 -0.005 0.52 1.04 0 -43056
0 0 -0.005 0.5225 1.045 0 -43472
0 0 0.005 0.525 1.05 0 -43890
0 0 -0.005 0.5275 1.055 0 -44310
0 0 -0.005 0.53 1.06 0 -44732
0 0 -0.005 0.5325 1.065 0 -45156
0 0 -0.005 0.535 1.07 0 -45582
0 0 0.005 0.5375 1.075 0 -46010
0 0 -0.005 0.54 1.08 0 -46440
0 0 -0.005 0.5425 1.085 0 -46872
0 0 -0.005 0.545 1.09 0 -47306
0 0 -0.005 0.5475 1.095 0 -47742
0 0 -0.005 0.55 1.1 0 -48180
0 0 0.005 0.5525 1.105 0 -48620
0 0 0.005 0.555 1.11 0 -49062
0 0 0.005 0.5575 1.115 0 -49506
0 0 -0.005 0.56 1.12 0 -49952
0 0 -0.005 0.5625 1.125 0 -50400
0 0 0.005 0.565 1.13 0 -50850
0 0 0.005 0.5675 1.135 0 -51302
0 0 0.005 0.57 1.14 0 -51756
0 0 0.005 0.5725 1.145 0 -52212
0 0 -0.005 0.575 1.15 0 -52670
0 0 -0.005 0.5775 1.155 0 -53130
0 0 0.005 0.58 1.16 0 -53592
0 0 0.005 0.5825 1.165 0 -54056
0 0 0.005 0.585 1.17 0 -54522
0 0 0.005 0.5875 1.175 0 -54990
0 0 -0.005 0.59 1.18 0 -55460
0 0 -0.005 0.5925 1.185 0 -55932
0 0 0.005 0.595 1.19 0 -56406
0 0 0.005 0.5975 1.195 0 -56882
0 0 0.005 0.6 1.2 0 -57360
0 0 -0.005 0.6025 1.205 0 -57840
0 0 0.005 0.605 1.21 0 -58322
0 0 0.005 0.6075 1.215 0 -58806
0 0 0.005 0.61 1.22 0 -59292
0 0 0.005 0.6125 1.225 0 -59780
0 0 0.005 0.615 1.23 0 -60270
0 0 -0.005 0.6175 1.235 0 -60762
0 0 0.005 0.62 1.24 0 -61256
0 0 0.005 0.6225 1.245 0 -61752
0 0 0.005 0.625 1.25 0 -62250
0 0 -0.005 0.6275 1.255 0 -62750
0 0 -0.005 0.63 1.26 0 -63252
0 0 0.005 0.6325 1.265 0 -63756
0 0 -0.005 0.635 1.27 0 -64262
0 0 0.005 0.6375 1.275 0 -64770
0 0 -0.005 0.64 1.28 0 -65280
0 0 -0.005 0.6425 1.285 0 -65792
0 0 -0.005 0.645 1.29 0 -66306
0 0 -0.005 0.6475 1.295 0 -66822
0 0 -0.005 0.65 1.3 0 -67340
0 0 0.005 0.6525 1.305 0 -67860
0 0 0.005 0.655 1.31 0 -68382
0 0 0.005 0.6575 1.315 0 -68906
0 0 0.005 0.66 1.32 0 -69432
0 0 -0.005 0.6625 1.325 0 -69960
0 0 -0.005 0.665 1.33 0 -70490
0 0 0.005 0.6675 1.335 0 -71022
0 0 0.005 0.67 1.34 0 -71556
0 0 -0.005 0.6725 1.345 0 -72092
0 0 -0.005 0.675 1.35 0 -72630
0 0 -0.005 0.6775 1.355 0 -73170
0 0 -0.005 0.68 1.36 0 -73712
0 0 -0.005 0.6825 1.365 0 -74256
0 0 0.005 0.685 1.37 0 -74802
0 0 -0.005 0.6875 1.375 0 -75350
0 0 -0.005 0.69 1.38 0 -75900
0 0 0.005 0.6925 1.385 0 -76452
0 0 0.005 0.695 1.39 0 -77006
0 0 -0.005 0.6975 1.395 0 -77562
0 0 -0.005 0.7 1.4 0 -78120
0 0 -0.005 0.7025 1.405 0 -78680
0 0 -0.005 0.705 1.41 0 -79242
0 0 -0.005 0.7075 1.415 0 -79806
0 0 -0.005 0.71 1.42 0 -80372
0 0 -0.005 0.7125 1.425 0 -80940
0 0 0.005 0.715 1.43 0 -81510
0 0 0.005 0.7175 1.435 0 -82082
0 0 0.005 0.72 1.44 0 -82656
0 0 -0.005 0.7225 1.445 0 -83232
0 0 0.005 0.725 1.45 0 -83810
0 0 -0.005 0.7275 1.455 0 -84390
0 0 0.005 0.73 1.46 0 -84972
0 0 0.005 0.7325 1.465 0 -85556
0 0 0.005 0.735 1.47 0 -86142
0 0 -0.005 0.7375 1.475 0 -86730
0 0 0.005 0.74 1.48 0 -87320
0 0 0.005 0.7425 1.485 0 -87912
0 0 0.005 0.745 1.49 0 -88506
0 0 0.005 0.7475 1.495 0 -89102
0 0 -0.005 0.75 1.5 0 -89700
0 0 0.005 0.7525 1.505 0 -90300
0 0 0.005 0.755 1.51 0 -90902
0 0 0.005 0.7575 1.515 0 -91506
0 0 0.005 0.76 1.52 0 -92112
0 0 -0.005 0.7625 1.525 0 -92720
0 0 0.005 0.765 1.53 0 -93330
0 0 -0.005 0.7675 1.535 0 -93942
0 0 -0.005 0.77 1.54 0 -94556
0 0 0.005 0.7725 1.545 0 -95172
0 0 -0.005 0.775 1.55 0 -95790
0 0 0.005 0.7775 1.555 0 -96410
0 0 0.005 0.78 1.56 0 -97032
0 0 -0.005 0.7825 1.565 0 -97656
0 0 0.005 0.785 1.57 0 -98282
0 0 -0.005 0.7875 1.575 0 -98910
0 0 -0.005 0.79 1.58 0 -99540
0 0 0.005 0.7925 1.585 0 -100172
0 0 0.005 0.795 1.59 0 -100806
0 0 0.005 0.7975 1.595 0 -101442
0 0 0.005 0.8 1.6 0 -102080
0 0 0.005 0.8025 1.605 0 -102720
0 0 0.005 0.805 1.61 0 -103362
0 0 -0.005 0.8075 1.615 0 -104006
0 0 -0.005 0.81 1.62 0 -104652
0 0 -0.005 0.8125 1.625 0 -105300
0 0 0.005 0.815 1.63 0 -105950
0 0 -0.005 0.8175 1.635 0 -106602
0 0 0.005 0.82 1.64 0 -107256
0 0 0.005 0.8225 1.645 0 -107912
0 0 0.005 0.825 1.65 0 -108570
0 0 -0.005 0.8275 1.655 0 -109230
0 0 0.005 0.83 1.66 0 -109892
0 0 0.005 0.8325 1.665 0 -110556
0 0 -0.005 0.835 1.67 0 -111222
0 0 -0.005 0.8375 1.675 0 -111890
0 0 0.005 0.84 1.68 0 -112560
0 0 0.005 0.8425 1.685 0 -113232
0 0 0.005 0.845 1.69 0 -113906
0 0 0.005 0.8475 1.695 0 -114582
0 0 -0.005 0.85 1.7 0 -115260
0 0 -0.005 0.8525 1.705 0 -115940
0 0 -0.005 0.855 1.71 0 -116622
0 0 0.005 0.8575 1.715 0 -117306
0 0 -0.005 0.86 1.72 0 -117992
0 0 0.005 0.8625 1.725 0 -118680
0 0 -0.005 0.865 1.73 0 -119370
0 0 0.005 0.8675 1.735 0 -120062
0 0 0.005 0.87 1.74 0 -120756
0 0 0.005 0.8725 1.745 0 -121452
0 0 -0.005 0.875 1.75 0 -122150
0 0 -0.005 0.8775 1.755 0 -122850
0 0 -0.005 0.88 1.76 0 -123552
0 0 0.005 0.8825 1.765 0 -124256
0 0 0.005 0.885 1.77 0 -124962
0 0 0.005 0.8875 1.775 0 -125670
0 0 -0.005 0.89 1.78 0 -126380
0 0 -0.005 0.8925 1.785 0 -127092
0 0 0.005 0.895 1.79 0 -127806
0 0 0.005 0.8975 1.795 0 -128522
0 0 -0.005 0.9 1.8 0 -129240
0 0 -0.005 0.9025 1.805 0 -129960
0 0 0.005 0.905 1.81 0 -130682
0 0 0.005 0.9075 1.815 0 -131406
0 0 0.005 0.91 1.82 0 -132132
0 0 -0.005 0.9125 1.825 0 -132860
0 0 0.005 0.915 1.83 0 -133590
0 0 -0.005 0.9175 1.835 0 -134322
0 0 -0.005 0.92 1.84 0 -135056
0 0 0.005 0.9225 1.845 0 -135792
0 0 -0.005 0.925 1.85 0 -136530
0 0 0.005 0.9275 1.855 0 -137270
0 0 -0.005 0.93 1.86 0 -138012
0 0 -0.005 0.9325 1.865 0 -138756
0 0 -0.005 0.935 1.87 0 -139502
0 0 0.005 0.9375 1.875 0 -140250
0 0 -0.005 0.94 1.88 0 -141000
0 0 -0.005 0.9425 1.885 0 -141752
0 0 0.005 0.945 1.89 0 -142506
0 0 0.005 0.9475 1.895 0 -143262
0 0 0.005 0.95 1.9 0 -144020
0 0 -0.005 0.9525 1.905 0 -144780
0 0 -0.005 0.955 1.91 0 -145542
0 0 0.005 0.9575 1.915 0 -146306
0 0 0.005 0.96 1.92 0 -147072
0 0 -0.005 0.9625 1.925 0 -147840
0 0 -0.005 0.965 1.93 0 -148610
0 0 -0.005 0.9675 1.935 0 -149382
0 0 -0.005 0.97 1.94 0 -150156
0 0 -0.005 0.9725 1.945 0 -150932
0 0 0.005 0.975 1.95 0 -151710
0 0 0.005 0.9775 1.955 0 -152490
0 0 -0.005 0.98 1.96 0 -153272
0 0 0.005 0.9825 1.965 0 -154056
0 0 0.005 0.985 1.97 0 -154842
0 0 0.005 0.9875 1.975 0 -155630
0 0 0.005 0.99 1.98 0 -156420
0 0 -0.005 0.9925 1.985 0 -157212
0 0 0.005 0.995 1.99 0 -158006
0 0 0.005 0.9975 1.995 0 -158802
0 0 0.005 1 2 0 -159600
