7.94 6304.36 -0.14 1.96 0.14 0 0
4.78 8589.2 0.02 2 0.16 6304.36 -0.56
-11.58 21998.8 -0.26 8.76 0.42 8589.2 -8.88
-5.18 24682.1 -0.14 10.72 0.56 21998.8 -20.64
-6.38 28752.5 -0.22 15.56 0.78 24682.1 -45.28
6.62 33135 -0.06 15.92 0.84 28752.5 -54.64
23.58 88736.6 0.06 16.28 0.9 33135 -64.72
34.62 208591 0.06 16.64 0.96 88736.6 -75.52
-4.78 210876 0.1 17.64 1.06 208591 -94.72
10.74 222411 0.26 24.4 1.32 210876 -149.84
39.22 376231 0.1 25.4 1.42 222411 -176.24
55.22 681156 0.18 28.64 1.6 376231 -227.36
47.9 910597 0.06 29 1.66 681156 -246.56
46.22 1.12423e+06 0.06 29.36 1.72 910597 -266.48
69.18 1.60281e+06 -0.18 32.6 1.9 1.12423e+06 -328.4
70.14 2.09478e+06 0.14 34.56 2.04 1.60281e+06 -381.6
87.78 2.86531e+06 -0.02 34.6 2.06 2.09478e+06 -389.76
98.34 3.83238e+06 0.06 34.96 2.12 2.86531e+06 -414.48
89.94 4.6413e+06 0.06 35.32 2.18 3.83238e+06 -439.92
98.86 5.61863e+06 -0.02 35.36 2.2 4.6413e+06 -448.64
117.3 6.99456e+06 0.1 36.36 2.3 5.61863e+06 -492.64
113.58 8.2846e+06 -0.1 37.36 2.4 6.99456e+06 -538.64
96.38 9.21352e+06 0.14 39.32 2.54 8.2846e+06 -605.84
107.5 1.03691e+07 -0.06 39.68 2.6 9.21352e+06 -636.32
129.18 1.20379e+07 0.1 40.68 2.7 1.03691e+07 -688.32
144.46 1.41248e+07 0.06 41.04 2.76 1.20379e+07 -720.72
171.02 1.70495e+07 0.18 44.28 2.94 1.41248e+07 -820.08
174.26 2.00862e+07 -0.02 44.32 2.96 1.70495e+07 -831.84
173.98 2.31131e+07 0.06 44.68 3.02 2.00862e+07 -867.36
146.86 2.52699e+07 0.06 45.04 3.08 2.31131e+07 -903.6
152.3 2.75894e+07 -0.06 45.4 3.14 2.52699e+07 -940.56
156.06 3.00249e+07 0.06 45.76 3.2 2.75894e+07 -978.24
124.1 3.1565e+07 0.14 47.72 3.34 3.00249e+07 -1067.84
128.22 3.3209e+07 0.02 47.76 3.36 3.1565e+07 -1081.2
147.86 3.53953e+07 0.02 47.8 3.38 3.3209e+07 -1094.64
173.3 3.83986e+07 0.1 48.8 3.48 3.53953e+07 -1162.24
169.94 4.12865e+07 0.02 48.84 3.5 3.83986e+07 -1176.16
173.38 4.42926e+07 0.02 48.88 3.52 4.12865e+07 -1190.16
164.94 4.70131e+07 0.02 48.92 3.54 4.42926e+07 -1204.24
174.86 5.00707e+07 -0.02 48.96 3.56 4.70131e+07 -1218.4
144.02 5.21449e+07 0.14 50.92 3.7 5.00707e+07 -1318.08
150.22 5.44015e+07 0.14 52.88 3.84 5.21449e+07 -1421.68
151.06 5.66834e+07 0.02 52.92 3.86 5.44015e+07 -1437.04
127.38 5.8306e+07 -0.22 57.76 4.08 5.66834e+07 -1606.88
147.46 6.04804e+07 0.1 58.76 4.18 5.8306e+07 -1688.48
162.38 6.31171e+07 -0.06 59.12 4.24 6.04804e+07 -1738.64
172.06 6.60776e+07 -0.02 59.16 4.26 6.31171e+07 -1755.6
155.06 6.8482e+07 0.02 59.2 4.28 6.60776e+07 -1772.64
166.06 7.12395e+07 -0.02 59.24 4.3 6.8482e+07 -1789.76
157.46 7.37189e+07 0.02 59.28 4.32 7.12395e+07 -1806.96
146.66 7.58698e+07 0.02 59.32 4.34 7.37189e+07 -1824.24
138.58 7.77903e+07 0.06 59.68 4.4 7.58698e+07 -1876.32
129.38 7.94642e+07 0.1 60.68 4.5 7.77903e+07 -1964.32
145.66 8.15859e+07 0.02 60.72 4.52 7.94642e+07 -1982.32
161.78 8.42031e+07 0.06 61.08 4.58 8.15859e+07 -2036.56
170.82 8.71211e+07 -0.1 62.08 4.68 8.42031e+07 -2128.16
155.42 8.95366e+07 0.02 62.12 4.7 8.71211e+07 -2146.88
161.78 9.21539e+07 0.1 63.12 4.8 8.95366e+07 -2240.88
158.78 9.4675e+07 0.1 64.12 4.9 9.21539e+07 -2336.88
147.98 9.68648e+07 0.02 64.16 4.92 9.4675e+07 -2356.48
146.7 9.90169e+07 0.06 64.52 4.98 9.68648e+07 -2415.52
155.26 1.01427e+08 0.02 64.56 5 9.90169e+07 -2435.44
166.94 1.04214e+08 -0.02 64.6 5.02 1.01427e+08 -2455.44
156.42 1.06661e+08 -0.14 66.56 5.16 1.04214e+08 -2596
168.62 1.09504e+08 -0.22 71.4 5.38 1.06661e+08 -2823.04
175.58 1.12587e+08 0.06 71.76 5.44 1.09504e+08 -2887.6
183.14 1.15941e+08 0.1 72.76 5.54 1.12587e+08 -2996.4
177.06 1.19076e+08 0.02 72.8 5.56 1.15941e+08 -3018.56
159.3 1.21614e+08 -0.06 73.16 5.62 1.19076e+08 -3085.28
165.86 1.24365e+08 -0.06 73.52 5.68 1.21614e+08 -3152.72
161.7 1.2698e+08 -0.14 75.48 5.82 1.24365e+08 -3311.76
148.18 1.29175e+08 0.06 75.84 5.88 1.2698e+08 -3381.6
165.66 1.3192e+08 0.06 76.2 5.94 1.29175e+08 -3452.16
161.78 1.34537e+08 0.1 77.2 6.04 1.3192e+08 -3570.96
186.18 1.38003e+08 0.1 78.2 6.14 1.34537e+08 -3691.76
187.38 1.41514e+08 -0.06 78.56 6.2 1.38003e+08 -3765.44
161.26 1.44115e+08 -0.14 80.52 6.34 1.41514e+08 -3939.04
157.38 1.46592e+08 0.1 81.52 6.44 1.44115e+08 -4065.84
171.02 1.49516e+08 -0.14 83.48 6.58 1.46592e+08 -4246.16
166.06 1.52274e+08 0.02 83.52 6.6 1.49516e+08 -4272.48
175.7 1.55361e+08 -0.1 84.52 6.7 1.52274e+08 -4404.48
182.9 1.58706e+08 -0.06 84.88 6.76 1.55361e+08 -4484.88
194.3 1.62482e+08 -0.06 85.24 6.82 1.58706e+08 -4566
202.22 1.66571e+08 -0.14 87.2 6.96 1.62482e+08 -4756.96
199.54 1.70552e+08 0.02 87.24 6.98 1.66571e+08 -4784.8
202.18 1.7464e+08 -0.14 89.2 7.12 1.70552e+08 -4980.24
214.22 1.79229e+08 0.1 90.2 7.22 1.7464e+08 -5122.64
209.74 1.83628e+08 0.02 90.24 7.24 1.79229e+08 -5151.52
221.78 1.88547e+08 -0.14 92.2 7.38 1.83628e+08 -5354.24
220.06 1.9339e+08 -0.06 92.56 7.44 1.88547e+08 -5442.8
226.18 1.98505e+08 -0.06 92.92 7.5 1.9339e+08 -5532.08
216.26 2.03182e+08 0.1 93.92 7.6 1.98505e+08 -5682.08
211.34 2.07649e+08 -0.06 94.28 7.66 2.03182e+08 -5773.28
212.54 2.12166e+08 0.02 94.32 7.68 2.07649e+08 -5803.92
212.98 2.16702e+08 0.1 95.32 7.78 2.12166e+08 -5957.52
208.18 2.21036e+08 0.14 97.28 7.92 2.16702e+08 -6175.36
207.94 2.2536e+08 0.06 97.64 7.98 2.21036e+08 -6270.4
233.46 2.3081e+08 -0.18 100.88 8.16 2.2536e+08 -6557.68
221.06 2.35697e+08 0.02 100.92 8.18 2.3081e+08 -6590.32
220.1 2.40541e+08 0.1 101.92 8.28 2.35697e+08 -6753.92
