        20.0000325    0.002499749154       19.99999519
       20.00006565    0.004999483258       19.99999028
       20.00009945    0.007499202164       19.99998528
        20.0001339     0.00999890572       19.99998018
       20.00016901     0.01249859378       19.99997498
       20.00020476     0.01499826618       19.99996969
       20.00024116     0.01749792279       19.99996431
       20.00027821     0.01999756344       19.99995882
       20.00031591     0.02249718799       19.99995324
       20.00035426     0.02499679629       19.99994756
       20.00039326     0.02749638819       19.99994179
       20.00043291     0.02999596353       19.99993592
       20.00047321     0.03249552218       19.99992996
       20.00051415     0.03499506396        19.9999239
       20.00055575     0.03749458875       19.99991774
         20.000598     0.03999409638       19.99991149
        20.0006409      0.0424935867       19.99990514
       20.00068445     0.04499305957       19.99989869
       20.00072865     0.04749251484       19.99989215
       20.00077349     0.04999195234       19.99988551
       20.00081899     0.05249137195       19.99987877
       20.00086514     0.05499077349       19.99987194
       20.00091194     0.05749015683       19.99986502
       20.00095938     0.05998952181       19.99985799
       20.00100748     0.06248886828       19.99985087
       20.00105623      0.0649881961       19.99984366
       20.00110562     0.06748750511       19.99983634
       20.00115567     0.06998679515       19.99982894
       20.00120636     0.07248606609       19.99982143
       20.00125771     0.07498531777       19.99981383
        20.0013097     0.07748455004       19.99980613
       20.00136235     0.07998376275       19.99979834
       20.00141564     0.08248295575       19.99979045
       20.00146958     0.08498212889       19.99978247
       20.00152418     0.08748128201       19.99977438
       20.00157942     0.08998041498       19.99976621
       20.00163531     0.09247952763       19.99975793
       20.00169186     0.09497861982       19.99974956
       20.00174905     0.09747769139        19.9997411
       20.00180689     0.09997674221       19.99973253
       20.00186538      0.1024757721       19.99972387
       20.00192452      0.1049747809       19.99971512
       20.00198431      0.1074737686       19.99970627
       20.00204475      0.1099727348       19.99969732
       20.00210584      0.1124716796       19.99968828
       20.00216758      0.1149706026       19.99967914
       20.00222997      0.1174695039        19.9996699
       20.00229301      0.1199683832       19.99966057
        20.0023567      0.1224672404       19.99965114
       20.00242103      0.1249660753       19.99964161
       20.00248602      0.1274648878       19.99963199
       20.00255166      0.1299636777       19.99962228
       20.00261794      0.1324624449       19.99961246
       20.00268488      0.1349611893       19.99960255
       20.00275246      0.1374599106       19.99959255
        20.0028207      0.1399586088       19.99958245
       20.00288958      0.1424572836       19.99957225
       20.00295912       0.144955935       19.99956195
        20.0030293      0.1474545627       19.99955156
       20.00310013      0.1499531667       19.99954108
       20.00317162      0.1524517468       19.99953049
       20.00324375      0.1549503028       19.99951981
       20.00331653      0.1574488345       19.99950904
       20.00338996      0.1599473419       19.99949817
       20.00346404      0.1624458248        19.9994872
       20.00353877       0.164944283       19.99947613
       20.00361415      0.1674427164       19.99946497
       20.00369018      0.1699411248       19.99945372
       20.00376686      0.1724395081       19.99944236
       20.00384418      0.1749378662       19.99943092
       20.00392216      0.1774361987       19.99941937
       20.00400079      0.1799345058       19.99940773
       20.00408006      0.1824327871       19.99939599
       20.00415999      0.1849310425       19.99938416
       20.00424056      0.1874292719       19.99937223
       20.00432179      0.1899274751        19.9993602
       20.00440366       0.192425652       19.99934808
       20.00448618      0.1949238025       19.99933586
       20.00456935      0.1974219263       19.99932355
       20.00465317      0.1999200233       19.99931114
       20.00473764      0.2024180934       19.99929863
       20.00482276      0.2049161364       19.99928603
       20.00490853      0.2074141522       19.99927333
       20.00499495      0.2099121407       19.99926053
       20.00508202      0.2124101016       19.99924764
       20.00516974      0.2149080348       19.99923465
        20.0052581      0.2174059402       19.99922157
       20.00534712      0.2199038176       19.99920839
       20.00543678      0.2224016669       19.99919511
        20.0055271      0.2248994879       19.99918174
       20.00561806      0.2273972805       19.99916827
       20.00570967      0.2298950445        19.9991547
       20.00580194      0.2323927798       19.99914104
       20.00589485      0.2348904862       19.99912728
       20.00598841      0.2373881636       19.99911343
       20.00608262      0.2398858118       19.99909948
       20.00617748      0.2423834306       19.99908543
       20.00627299        0.24488102       19.99907129
       20.00636914      0.2473785798       19.99905705
       20.00646595      0.2498761097       19.99904272
        20.0065634      0.2523736098       19.99902828
       20.00666151      0.2548710797       19.99901376
       20.00676026      0.2573685195       19.99899913
       20.00685967      0.2598659288       19.99898441
       20.00695972      0.2623633077        19.9989696
       20.00706042      0.2648606558       19.99895469
       20.00716177      0.2673579731       19.99893968
       20.00726377      0.2698552594       19.99892457
       20.00736642      0.2723525146       19.99890937
       20.00746972      0.2748497385       19.99889407
       20.00757366       0.277346931       19.99887868
       20.00767826      0.2798440919       19.99886319
        20.0077835      0.2823412211       19.99884761
        20.0078894      0.2848383184       19.99883192
       20.00799594      0.2873353836       19.99881615
       20.00810313      0.2898324167       19.99880027
       20.00821097      0.2923294174        19.9987843
       20.00831946      0.2948263857       19.99876824
        20.0084286      0.2973233213       19.99875207
       20.00853839      0.2998202241       19.99873581
       20.00864883       0.302317094       19.99871946
       20.00875992      0.3048139308       19.99870301
       20.00887165      0.3073107344       19.99868646
       20.00898403      0.3098075046       19.99866982
       20.00909707      0.3123042413       19.99865308
       20.00921075      0.3148009443       19.99863624
       20.00932508      0.3172976134       19.99861931
       20.00944006      0.3197942486       19.99860228
       20.00955569      0.3222908496       19.99858515
       20.00967197      0.3247874163       19.99856793
       20.00978889      0.3272839486       19.99855062
       20.00990647      0.3297804463        19.9985332
       20.01002469      0.3322769093       19.99851569
       20.01014357      0.3347733374       19.99849809
       20.01026309      0.3372697305       19.99848039
       20.01038326      0.3397660883       19.99846259
       20.01050408      0.3422624109       19.99844469
       20.01062555      0.3447586979        19.9984267
       20.01074767      0.3472549493       19.99840862
       20.01087043       0.349751165       19.99839043
       20.01099385      0.3522473447       19.99837215
       20.01111791      0.3547434883       19.99835378
       20.01124262      0.3572395956       19.99833531
       20.01136798      0.3597356666       19.99831674
       20.01149399       0.362231701       19.99829808
       20.01162065      0.3647276988       19.99827932
       20.01174796      0.3672236597       19.99826046
       20.01187592      0.3697195836       19.99824151
       20.01200452      0.3722154704       19.99822246
       20.01213378      0.3747113199       19.99820331
       20.01226368       0.377207132       19.99818407
       20.01239423      0.3797029065       19.99816474
       20.01252543      0.3821986432        19.9981453
       20.01265728      0.3846943421       19.99812577
       20.01278978      0.3871900029       19.99810615
       20.01292292      0.3896856255       19.99808643
       20.01305672      0.3921812098       19.99806661
       20.01319116      0.3946767556       19.99804669
       20.01332625      0.3971722628       19.99802668
       20.01346199      0.3996677312       19.99800658
       20.01359838      0.4021631606       19.99798637
       20.01373542      0.4046585509       19.99796607
        20.0138731      0.4071539021       19.99794568
       20.01401144      0.4096492138       19.99792519
       20.01415042       0.412144486        19.9979046
       20.01429005      0.4146397184       19.99788391
       20.01443033      0.4171349111       19.99786313
       20.01457126      0.4196300638       19.99784226
       20.01471284      0.4221251763       19.99782129
       20.01485507      0.4246202485       19.99780022
       20.01499794      0.4271152803       19.99777905
       20.01514146      0.4296102715       19.99775779
       20.01528563       0.432105222       19.99773643
       20.01543045      0.4346001316       19.99771498
       20.01557592      0.4370950002       19.99769343
       20.01572204      0.4395898275       19.99767179
        20.0158688      0.4420846135       19.99765004
       20.01601622      0.4445793581        19.9976282
       20.01616428      0.4470740609       19.99760627
       20.01631299       0.449568722       19.99758424
       20.01646235      0.4520633412       19.99756211
       20.01661235      0.4545579183       19.99753989
       20.01676301      0.4570524531       19.99751757
       20.01691431      0.4595469456       19.99749516
       20.01706626      0.4620413955       19.99747264
       20.01721886      0.4645358027       19.99745004
       20.01737211      0.4670301671       19.99742733
       20.01752601      0.4695244884       19.99740453
       20.01768055      0.4720187667       19.99738164
       20.01783575      0.4745130017       19.99735864
       20.01799159      0.4770071932       19.99733555
       20.01814808      0.4795013411       19.99731237
       20.01830522      0.4819954453       19.99728909
         20.018463      0.4844895056       19.99726571
       20.01862144      0.4869835219       19.99724224
       20.01878052       0.489477494       19.99721867
       20.01894025      0.4919714217         19.997195
       20.01910063       0.494465305       19.99717124
       20.01926166      0.4969591436       19.99714738
       20.01942333      0.4994529374       19.99712343
       20.01958566      0.5019466863       19.99709938
       20.01974863      0.5044403901       19.99707523
       20.01991225      0.5069340487       19.99705099
       20.02007652      0.5094276618       19.99702665
       20.02024143      0.5119212295       19.99700221
         20.020407      0.5144147514       19.99697768
       20.02057321      0.5169082275       19.99695305
       20.02074007      0.5194016577       19.99692833
       20.02090758      0.5218950416       19.99690351
       20.02107573      0.5243883793       19.99687859
       20.02124454      0.5268816706       19.99685358
       20.02141399      0.5293749153       19.99682847
       20.02158409      0.5318681132       19.99680327
       20.02175484      0.5343612643       19.99677797
       20.02192623      0.5368543683       19.99675257
       20.02209828      0.5393474251       19.99672708
       20.02227097      0.5418404346       19.99670149
       20.02244431      0.5443333966        19.9966758
        20.0226183      0.5468263109       19.99665002
       20.02279293      0.5493191775       19.99662414
       20.02296822      0.5518119962       19.99659817
       20.02314415      0.5543047667        19.9965721
       20.02332073       0.556797489       19.99654593
       20.02349796       0.559290163       19.99651967
       20.02367583      0.5617827884       19.99649331
       20.02385435      0.5642753651       19.99646685
       20.02403352       0.566767893        19.9964403
       20.02421334      0.5692603719       19.99641366
       20.02439381      0.5717528016       19.99638691
       20.02457492      0.5742451821       19.99636007
       20.02475669      0.5767375131       19.99633314
        20.0249391      0.5792297946        19.9963061
       20.02512215      0.5817220263       19.99627897
       20.02530586      0.5842142081       19.99625175
       20.02549021      0.5867063399       19.99622443
       20.02567521      0.5891984215       19.99619701
       20.02586086      0.5916904528        19.9961695
       20.02604715      0.5941824336       19.99614189
        20.0262341      0.5966743638       19.99611418
       20.02642169      0.5991662432       19.99608638
       20.02660993      0.6016580716       19.99605848
       20.02679881       0.604149849       19.99603049
       20.02698835      0.6066415751        19.9960024
       20.02717853      0.6091332499       19.99597421
       20.02736936      0.6116248731       19.99594593
       20.02756084      0.6141164446       19.99591755
       20.02775296      0.6166079643       19.99588908
       20.02794573      0.6190994321       19.99586051
       20.02813915      0.6215908477       19.99583184
       20.02833322       0.624082211       19.99580308
       20.02852793      0.6265735218       19.99577422
       20.02872329      0.6290647801       19.99574526
        20.0289193      0.6315559857       19.99571621
       20.02911596      0.6340471384       19.99568706
       20.02931326      0.6365382381       19.99565782
       20.02951122      0.6390292845       19.99562847
       20.02970982      0.6415202777       19.99559904
       20.02990906      0.6440112174       19.99556951
       20.03010896      0.6465021034       19.99553988
        20.0303095      0.6489929357       19.99551015
       20.03051069       0.651483714       19.99548033
       20.03071252      0.6539744383       19.99545041
         20.030915      0.6564651083        19.9954204
       20.03111813      0.6589557239       19.99539029
       20.03132191      0.6614462851       19.99536008
       20.03152634      0.6639367915       19.99532978
       20.03173141      0.6664272431       19.99529938
       20.03193713      0.6689176398       19.99526889
        20.0321435      0.6714079813        19.9952383
       20.03235051      0.6738982676       19.99520761
       20.03255817      0.6763884984       19.99517683
       20.03276648      0.6788786736       19.99514595
       20.03297544      0.6813687931       19.99511497
       20.03318504      0.6838588568        19.9950839
       20.03339529      0.6863488644       19.99505273
       20.03360618      0.6888388158       19.99502147
       20.03381773       0.691328711       19.99499011
       20.03402992      0.6938185496       19.99495865
       20.03424276      0.6963083316        19.9949271
       20.03445624      0.6987980569       19.99489545
       20.03467038      0.7012877252        19.9948637
       20.03488516      0.7037773365       19.99483186
       20.03510058      0.7062668905       19.99479993
       20.03531666      0.7087563872       19.99476789
       20.03553338      0.7112458263       19.99473576
       20.03575074      0.7137352078       19.99470354
       20.03596876      0.7162245315       19.99467121
       20.03618742      0.7187137971        19.9946388
       20.03640673      0.7212030047       19.99460628
       20.03662668       0.723692154       19.99457367
       20.03684729      0.7261812449       19.99454097
       20.03706854      0.7286702772       19.99450816
       20.03729043      0.7311592508       19.99447526
       20.03751298      0.7336481655       19.99444227
       20.03773617      0.7361370212       19.99440918
          20.03796      0.7386258178       19.99437599
       20.03818449       0.741114555       19.99434271
       20.03840962      0.7436032328       19.99430933
       20.03863539      0.7460918509       19.99427585
       20.03886182      0.7485804093       19.99424228
       20.03908889      0.7510689077       19.99420861
        20.0393166      0.7535573461       19.99417485
       20.03954497      0.7560457243       19.99414098
       20.03977398      0.7585340422       19.99410703
       20.04000364      0.7610222995       19.99407297
       20.04023394      0.7635104961       19.99403883
       20.04046489       0.765998632       19.99400458
       20.04069649      0.7684867068       19.99397024
       20.04092873      0.7709747206        19.9939358
       20.04116162      0.7734626731       19.99390127
       20.04139516      0.7759505642       19.99386664
       20.04162935      0.7784383937       19.99383191
       20.04186418      0.7809261615       19.99379709
       20.04209965      0.7834138675       19.99376217
       20.04233578      0.7859015115       19.99372716
       20.04257255      0.7883890933       19.99369204
       20.04280996      0.7908766128       19.99365684
       20.04304803      0.7933640698       19.99362153
       20.04328674      0.7958514642       19.99358614
       20.04352609      0.7983387959       19.99355064
        20.0437661      0.8008260647       19.99351505
       20.04400674      0.8033132704       19.99347936
       20.04424804      0.8058004129       19.99344358
       20.04448998      0.8082874921        19.9934077
       20.04473257      0.8107745077       19.99337172
        20.0449758      0.8132614597       19.99333565
       20.04521968      0.8157483479       19.99329948
       20.04546421      0.8182351721       19.99326321
       20.04570939      0.8207219323       19.99322685
       20.04595521      0.8232086282        19.9931904
       20.04620167      0.8256952597       19.99315384
       20.04644878      0.8281818266       19.99311719
       20.04669654      0.8306683289       19.99308045
       20.04694495      0.8331547663       19.99304361
         20.047194      0.8356411387       19.99300667
        20.0474437      0.8381274459       19.99296963
       20.04769404      0.8406136879        19.9929325
       20.04794503      0.8430998644       19.99289528
       20.04819666      0.8455859753       19.99285795
       20.04844895      0.8480720205       19.99282054
       20.04870187      0.8505579997       19.99278302
       20.04895545       0.853043913       19.99274541
       20.04920967        0.85552976        19.9927077
       20.04946453      0.8580155407        19.9926699
       20.04972005      0.8605012549         19.992632
        20.0499762      0.8629869025         19.992594
       20.05023301      0.8654724832       19.99255591
       20.05049046      0.8679579971       19.99251772
       20.05074855      0.8704434438       19.99247944
        20.0510073      0.8729288233       19.99244106
       20.05126669      0.8754141354       19.99240258
       20.05152672        0.87789938       19.99236401
        20.0517874      0.8803845569       19.99232534
       20.05204872      0.8828696659       19.99228658
        20.0523107       0.885354707       19.99224772
       20.05257331      0.8878396799       19.99220876
       20.05283658      0.8903245846       19.99216971
       20.05310049      0.8928094208       19.99213056
       20.05336504      0.8952941884       19.99209131
       20.05363024      0.8977788873       19.99205197
       20.05389609      0.9002635173       19.99201253
       20.05416258      0.9027480783         19.991973
       20.05442972      0.9052325701       19.99193337
        20.0546975      0.9077169926       19.99189364
       20.05496593      0.9102013456       19.99185382
       20.05523501       0.912685629        19.9918139
       20.05550473      0.9151698426       19.99177388
        20.0557751      0.9176539862       19.99173377
       20.05604611      0.9201380598       19.99169356
       20.05631776      0.9226220632       19.99165326
       20.05659007      0.9251059962       19.99161286
       20.05686302      0.9275898586       19.99157237
       20.05713661      0.9300736504       19.99153177
       20.05741085      0.9325573714       19.99149109
       20.05768574      0.9350410214        19.9914503
       20.05796127      0.9375246002       19.99140942
       20.05823744      0.9400081078       19.99136844
       20.05851427       0.942491544       19.99132737
       20.05879173      0.9449749086        19.9912862
       20.05906985      0.9474582015       19.99124494
        20.0593486      0.9499414226       19.99120358
       20.05962801      0.9524245716       19.99116212
       20.05990806      0.9549076484       19.99112057
       20.06018875      0.9573906529       19.99107892
       20.06047009       0.959873585       19.99103717
       20.06075208      0.9623564445       19.99099533
       20.06103471      0.9648392311       19.99095339
       20.06131798      0.9673219449       19.99091136
        20.0616019      0.9698045856       19.99086923
       20.06188647      0.9722871531         19.990827
       20.06217168      0.9747696473       19.99078468
       20.06245754      0.9772520679       19.99074226
       20.06274404      0.9797344149       19.99069974
       20.06303118      0.9822166881       19.99065713
       20.06331898      0.9846988873       19.99061443
       20.06360741      0.9871810124       19.99057162
        20.0638965      0.9896630633       19.99052872
       20.06418622      0.9921450397       19.99048573
        20.0644766      0.9946269416       19.99044264
       20.06476761      0.9971087688       19.99039945
       20.06505928      0.9995905212       19.99035616
       20.06535158       1.002072199       19.99031278
       20.06564454       1.004553801       19.99026931
       20.06593813       1.007035328       19.99022574
       20.06623237       1.009516779       19.99018207
       20.06652726       1.011998155        19.9901383
       20.06682279       1.014479455       19.99009444
       20.06711897       1.016960679       19.99005048
       20.06741579       1.019441827       19.99000643
       20.06771326       1.021922899       19.98996228
       20.06801137       1.024403895       19.98991804
       20.06831013       1.026884814       19.98987369
       20.06860953       1.029365657       19.98982926
       20.06890958       1.031846422       19.98978472
       20.06921027       1.034327111       19.98974009
        20.0695116       1.036807723       19.98969537
       20.06981358       1.039288257       19.98965054
       20.07011621       1.041768714       19.98960563
       20.07041948       1.044249094       19.98956061
       20.07072339       1.046729396        19.9895155
       20.07102795        1.04920962       19.98947029
       20.07133316       1.051689766       19.98942499
         20.071639       1.054169834       19.98937959
        20.0719455       1.056649823        19.9893341
       20.07225264       1.059129734        19.9892885
       20.07256042       1.061609567       19.98924282
       20.07286884       1.064089321       19.98919703
       20.07317792       1.066568996       19.98915115
       20.07348763       1.069048592       19.98910518
       20.07379799       1.071528109       19.98905911
         20.074109       1.074007546       19.98901294
       20.07442065       1.076486904       19.98896667
       20.07473294       1.078966183       19.98892031
       20.07504588       1.081445381       19.98887386
       20.07535946         1.0839245        19.9888273
       20.07567369       1.086403539       19.98878065
       20.07598856       1.088882497       19.98873391
       20.07630407       1.091361375       19.98868707
       20.07662023       1.093840173       19.98864013
       20.07693703       1.096318889        19.9885931
       20.07725448       1.098797525       19.98854597
       20.07757257       1.101276081       19.98849874
       20.07789131       1.103754555       19.98845142
       20.07821069       1.106232947         19.988404
       20.07853072       1.108711259       19.98835649
       20.07885139       1.111189488       19.98830888
        20.0791727       1.113667636       19.98826117
       20.07949466       1.116145703       19.98821337
       20.07981726       1.118623687       19.98816547
        20.0801405       1.121101589       19.98811747
       20.08046439       1.123579409       19.98806938
       20.08078893       1.126057146        19.9880212
        20.0811141       1.128534801       19.98797291
       20.08143992       1.131012372       19.98792453
       20.08176639       1.133489861       19.98787606
        20.0820935       1.135967267       19.98782749
       20.08242125        1.13844459       19.98777882
       20.08274965        1.14092183       19.98773005
       20.08307869       1.143398986       19.98768119
       20.08340838       1.145876058       19.98763224
        20.0837387       1.148353047       19.98758319
       20.08406968       1.150829951       19.98753404
       20.08440129       1.153306772       19.98748479
       20.08473355       1.155783508       19.98743545
       20.08506646        1.15826016       19.98738602
           20.0854       1.160736727       19.98733648
        20.0857342        1.16321321       19.98728685
       20.08606903       1.165689608       19.98723713
       20.08640451        1.16816592       19.98718731
       20.08674063       1.170642148       19.98713739
        20.0870774       1.173118291       19.98708738
       20.08741481       1.175594348       19.98703727
       20.08775286       1.178070319       19.98698706
       20.08809156       1.180546205       19.98693676
        20.0884309       1.183022004       19.98688636
       20.08877088       1.185497718       19.98683587
       20.08911151       1.187973346       19.98678528
       20.08945278       1.190448887       19.98673459
       20.08979469       1.192924342       19.98668381
       20.09013725        1.19539971       19.98663293
       20.09048045       1.197874992       19.98658195
        20.0908243       1.200350186       19.98653088
       20.09116879       1.202825294       19.98647972
       20.09151392       1.205300314       19.98642845
       20.09185969       1.207775247       19.98637709
       20.09220611       1.210250092       19.98632564
       20.09255317        1.21272485       19.98627409
       20.09290087        1.21519952       19.98622244
       20.09324922       1.217674102        19.9861707
       20.09359821       1.220148596       19.98611886
       20.09394785       1.222623001       19.98606692
       20.09429812       1.225097319       19.98601489
       20.09464904       1.227571547       19.98596276
       20.09500061       1.230045687       19.98591053
       20.09535281       1.232519738       19.98585821
       20.09570566         1.2349937        19.9858058
       20.09605916       1.237467573       19.98575328
       20.09641329       1.239941357       19.98570068
       20.09676807       1.242415051       19.98564797
       20.09712349       1.244888656       19.98559517
       20.09747956       1.247362171       19.98554227
       20.09783626       1.249835596       19.98548928
       20.09819361       1.252308931       19.98543619
       20.09855161       1.254782176         19.985383
       20.09891024        1.25725533       19.98532972
       20.09926952       1.259728394       19.98527634
       20.09962945       1.262201367       19.98522287
       20.09999001        1.26467425        19.9851693
       20.10035122       1.267147042       19.98511563
       20.10071307       1.269619742       19.98506187
       20.10107556       1.272092351       19.98500801
        20.1014387       1.274564869       19.98495406
       20.10180248       1.277037296       19.98490001
        20.1021669       1.279509631       19.98484586
       20.10253196       1.281981874       19.98479162
       20.10289767       1.284454024       19.98473728
       20.10326402       1.286926083       19.98468285
       20.10363101        1.28939805       19.98462831
       20.10399864       1.291869924       19.98457369
       20.10436692       1.294341706       19.98451896
       20.10473584       1.296813395       19.98446414
        20.1051054       1.299284991       19.98440923
       20.10547561       1.301756494       19.98435422
       20.10584645       1.304227903       19.98429911
       20.10621794        1.30669922       19.98424391
       20.10659007       1.309170443       19.98418861
       20.10696285       1.311641573       19.98413321
       20.10733626       1.314112608       19.98407772
       20.10771032        1.31658355       19.98402213
       20.10808502       1.319054398       19.98396644
       20.10846037       1.321525152       19.98391066
       20.10883635       1.323995811       19.98385479
       20.10921298       1.326466376       19.98379881
       20.10959025       1.328936846       19.98374275
       20.10996816       1.331407221       19.98368658
       20.11034672       1.333877501       19.98363032
       20.11072591       1.336347687       19.98357396
       20.11110575       1.338817777       19.98351751
       20.11148623       1.341287772       19.98346096
       20.11186735       1.343757671       19.98340431
       20.11224912       1.346227474       19.98334757
       20.11263153       1.348697182       19.98329073
       20.11301457       1.351166793        19.9832338
       20.11339827       1.353636309       19.98317677
        20.1137826       1.356105728       19.98311964
       20.11416757       1.358575051       19.98306242
       20.11455319       1.361044277        19.9830051
       20.11493945       1.363513407       19.98294769
       20.11532635        1.36598244       19.98289018
       20.11571389       1.368451375       19.98283257
       20.11610207       1.370920214       19.98277487
        20.1164909       1.373388955       19.98271707
       20.11688037       1.375857599       19.98265918
       20.11727048       1.378326145       19.98260118
       20.11766123       1.380794593        19.9825431
       20.11805262       1.383262944       19.98248491
       20.11844466       1.385731196       19.98242664
       20.11883733        1.38819935       19.98236826
       20.11923065       1.390667406       19.98230979
       20.11962461       1.393135363       19.98225122
       20.12001921       1.395603222       19.98219256
       20.12041445       1.398070982        19.9821338
       20.12081033       1.400538643       19.98207494
       20.12120686       1.403006205       19.98201599
       20.12160403       1.405473668       19.98195694
       20.12200183       1.407941031        19.9818978
       20.12240028       1.410408294       19.98183856
       20.12279938       1.412875458       19.98177922
       20.12319911       1.415342523       19.98171979
       20.12359948       1.417809487       19.98166026
        20.1240005       1.420276351       19.98160063
       20.12440215       1.422743115       19.98154091
       20.12480445       1.425209778        19.9814811
       20.12520739       1.427676341       19.98142118
       20.12561097       1.430142803       19.98136118
       20.12601519       1.432609164       19.98130107
       20.12642005       1.435075424       19.98124087
       20.12682556       1.437541583       19.98118057
        20.1272317       1.440007641       19.98112018
       20.12763849       1.442473597       19.98105969
       20.12804591       1.444939452        19.9809991
       20.12845398       1.447405205       19.98093842
       20.12886269       1.449870856       19.98087764
       20.12927204       1.452336405       19.98081677
       20.12968203       1.454801851        19.9807558
       20.13009266       1.457267196       19.98069473
       20.13050394       1.459732437       19.98063357
       20.13091585       1.462197577       19.98057231
       20.13132841       1.464662613       19.98051096
        20.1317416       1.467127546       19.98044951
       20.13215544       1.469592377       19.98038796
       20.13256991       1.472057104       19.98032632
       20.13298503       1.474521728       19.98026458
       20.13340079       1.476986248       19.98020275
       20.13381719       1.479450664       19.98014082
       20.13423423       1.481914977       19.98007879
       20.13465191       1.484379186       19.98001667
       20.13507023        1.48684329       19.97995445
       20.13548919        1.48930729       19.97989213
        20.1359088       1.491771186       19.97982972
       20.13632904       1.494234978       19.97976721
       20.13674992       1.496698664       19.97970461
       20.13717145       1.499162246       19.97964191
       20.13759361       1.501625722       19.97957911
       20.13801642       1.504089094       19.97951622
       20.13843986        1.50655236       19.97945323
       20.13886395       1.509015521       19.97939015
       20.13928867       1.511478576       19.97932697
       20.13971404       1.513941525       19.97926369
       20.14014005       1.516404369       19.97920032
       20.14056669       1.518867106       19.97913685
       20.14099398       1.521329737       19.97907329
       20.14142191       1.523792262       19.97900963
       20.14185048        1.52625468       19.97894587
       20.14227969       1.528716992       19.97888202
       20.14270953       1.531179197       19.97881807
       20.14314002       1.533641295       19.97875403
       20.14357115       1.536103286       19.97868989
       20.14400292        1.53856517       19.97862565
       20.14443533       1.541026946       19.97856132
       20.14486838       1.543488615       19.97849689
       20.14530207       1.545950176       19.97843236
        20.1457364       1.548411629       19.97836774
       20.14617136       1.550872974       19.97830302
       20.14660697       1.553334211       19.97823821
       20.14704322        1.55579534        19.9781733
       20.14748011        1.55825636        19.9781083
       20.14791764       1.560717272       19.97804319
       20.14835581       1.563178075         19.977978
       20.14879461        1.56563877        19.9779127
       20.14923406       1.568099355       19.97784731
       20.14967415       1.570559831       19.97778183
       20.15011488       1.573020198       19.97771625
       20.15055624       1.575480455       19.97765057
       20.15099825       1.577940603       19.97758479
        20.1514409       1.580400641       19.97751892
       20.15188418       1.582860569       19.97745296
       20.15232811       1.585320387        19.9773869
       20.15277267       1.587780095       19.97732074
       20.15321788       1.590239692       19.97725448
       20.15366372       1.592699179       19.97718813
        20.1541102       1.595158555       19.97712169
       20.15455733       1.597617821       19.97705514
       20.15500509       1.600076976        19.9769885
       20.15545349       1.602536019       19.97692177
       20.15590253       1.604994951       19.97685494
       20.15635221       1.607453772       19.97678801
       20.15680253       1.609912482       19.97672099
       20.15725349        1.61237108       19.97665387
       20.15770509       1.614829566       19.97658665
       20.15815733        1.61728794       19.97651934
       20.15861021       1.619746201       19.97645194
       20.15906372       1.622204351       19.97638443
       20.15951788       1.624662388       19.97631683
       20.15997267       1.627120313       19.97624914
        20.1604281       1.629578125       19.97618135
       20.16088418       1.632035824       19.97611346
       20.16134089        1.63449341       19.97604548
       20.16179824       1.636950883        19.9759774
       20.16225623       1.639408242       19.97590922
       20.16271486       1.641865488       19.97584095
       20.16317412       1.644322621       19.97577258
       20.16363403        1.64677964       19.97570412
       20.16409457       1.649236545       19.97563556
       20.16455576       1.651693336        19.9755669
       20.16501758       1.654150012       19.97549815
       20.16548004       1.656606575        19.9754293
       20.16594314       1.659063023       19.97536036
       20.16640688       1.661519356       19.97529132
       20.16687126       1.663975575       19.97522218
       20.16733628       1.666431678       19.97515295
       20.16780193       1.668887667       19.97508362
       20.16826822        1.67134354       19.97501419
       20.16873516       1.673799298       19.97494467
       20.16920273       1.676254941       19.97487506
       20.16967094       1.678710467       19.97480534
       20.17013978       1.681165878       19.97473553
       20.17060927       1.683621173       19.97466563
        20.1710794       1.686076352       19.97459563
       20.17155016       1.688531415       19.97452553
       20.17202156       1.690986361       19.97445534
        20.1724936       1.693441191       19.97438505
       20.17296628       1.695895904       19.97431466
        20.1734396         1.6983505       19.97424418
       20.17391355       1.700804979       19.97417361
       20.17438814       1.703259342       19.97410293
       20.17486337       1.705713586       19.97403216
       20.17533924       1.708167714        19.9739613
       20.17581575       1.710621724       19.97389034
        20.1762929       1.713075616       19.97381928
       20.17677068        1.71552939       19.97374813
        20.1772491       1.717983046       19.97367688
       20.17772816       1.720436584       19.97360553
       20.17820786       1.722890004       19.97353409
        20.1786882       1.725343305       19.97346255
       20.17916917       1.727796488       19.97339092
       20.17965078       1.730249552       19.97331919
       20.18013303       1.732702497       19.97324736
       20.18061592       1.735155323       19.97317544
       20.18109945       1.737608029       19.97310342
       20.18158361       1.740060617       19.97303131
       20.18206841       1.742513085        19.9729591
       20.18255385       1.744965433       19.97288679
       20.18303993       1.747417661       19.97281439
       20.18352664        1.74986977       19.97274189
       20.18401399       1.752321758        19.9726693
       20.18450198       1.754773627       19.97259661
       20.18499061       1.757225375       19.97252382
       20.18547988       1.759677002       19.97245094
       20.18596978       1.762128509       19.97237796
       20.18646032       1.764579894       19.97230488
       20.18695149       1.767031159       19.97223171
       20.18744331       1.769482303       19.97215845
       20.18793576       1.771933326       19.97208508
       20.18842885       1.774384227       19.97201163
       20.18892258       1.776835006       19.97193807
       20.18941694       1.779285664       19.97186442
       20.18991195         1.7817362       19.97179067
       20.19040758       1.784186614       19.97171683
       20.19090386       1.786636906       19.97164289
       20.19140077       1.789087076       19.97156886
       20.19189832       1.791537123       19.97149473
       20.19239651       1.793987047        19.9714205
       20.19289534       1.796436849       19.97134618
        20.1933948       1.798886528       19.97127176
        20.1938949       1.801336084       19.97119724
       20.19439563       1.803785517       19.97112263
       20.19489701       1.806234826       19.97104792
       20.19539902       1.808684012       19.97097312
       20.19590167       1.811133075       19.97089822
       20.19640495       1.813582013       19.97082322
       20.19690887       1.816030828       19.97074813
       20.19741343       1.818479518       19.97067295
       20.19791862       1.820928085       19.97059766
       20.19842445       1.823376527       19.97052228
       20.19893092       1.825824845       19.97044681
       20.19943803       1.828273037       19.97037124
       20.19994577       1.830721106       19.97029557
       20.20045415       1.833169049        19.9702198
       20.20096316       1.835616867       19.97014395
       20.20147281        1.83806456       19.97006799
        20.2019831       1.840512127       19.96999194
       20.20249403       1.842959569       19.96991579
       20.20300559       1.845406885       19.96983955
       20.20351779       1.847854076       19.96976321
       20.20403062        1.85030114       19.96968677
       20.20454409       1.852748079       19.96961024
        20.2050582       1.855194891       19.96953361
       20.20557294       1.857641577       19.96945689
       20.20608832       1.860088136       19.96938007
       20.20660434       1.862534568       19.96930315
       20.20712099       1.864980874       19.96922614
       20.20763828       1.867427053       19.96914903
       20.20815621       1.869873104       19.96907183
       20.20867477       1.872319028       19.96899453
       20.20919396       1.874764825       19.96891713
        20.2097138       1.877210494       19.96883964
       20.21023427       1.879656035       19.96876205
       20.21075537       1.882101449       19.96868437
       20.21127711       1.884546734       19.96860659
       20.21179949       1.886991892       19.96852871
       20.21232251       1.889436921       19.96845074
       20.21284615       1.891881821       19.96837267
       20.21337044       1.894326593       19.96829451
       20.21389536       1.896771237       19.96821625
       20.21442092       1.899215751       19.96813789
       20.21494711       1.901660136       19.96805944
       20.21547394       1.904104392       19.96798089
        20.2160014       1.906548519       19.96790224
       20.21652951       1.908992516        19.9678235
       20.21705824       1.911436383       19.96774467
       20.21758761       1.913880121       19.96766573
       20.21811762       1.916323729       19.96758671
       20.21864826       1.918767207       19.96750758
       20.21917954       1.921210554       19.96742836
       20.21971146       1.923653771       19.96734904
         20.220244       1.926096858       19.96726963
       20.22077719       1.928539814       19.96719012
       20.22131101       1.930982639       19.96711052
       20.22184547       1.933425333       19.96703082
       20.22238056       1.935867896       19.96695102
       20.22291628       1.938310328       19.96687113
       20.22345264       1.940752628       19.96679114
       20.22398964       1.943194797       19.96671106
       20.22452727       1.945636834       19.96663087
       20.22506554       1.948078739        19.9665506
       20.22560444       1.950520513       19.96647023
       20.22614398       1.952962154       19.96638976
       20.22668415       1.955403663       19.96630919
       20.22722496       1.957845039       19.96622853
       20.22776641       1.960286283       19.96614777
       20.22830848       1.962727394       19.96606692
        20.2288512       1.965168372       19.96598597
       20.22939455       1.967609218       19.96590493
       20.22993853        1.97004993       19.96582379
       20.23048315       1.972490509       19.96574255
        20.2310284       1.974930954       19.96566122
       20.23157429       1.977371266       19.96557979
       20.23212081       1.979811444       19.96549826
       20.23266797       1.982251488       19.96541664
       20.23321576       1.984691398       19.96533493
       20.23376418       1.987131173       19.96525311
       20.23431324       1.989570815        19.9651712
       20.23486294       1.992010322        19.9650892
       20.23541327       1.994449694        19.9650071
       20.23596424       1.996888932        19.9649249
       20.23651584       1.999328035       19.96484261
       20.23706807       2.001767002       19.96476022
       20.23762094       2.004205835       19.96467774
       20.23817444       2.006644532       19.96459515
       20.23872858       2.009083093       19.96451248
       20.23928335       2.011521519       19.96442971
       20.23983876       2.013959809       19.96434684
        20.2403948       2.016397963       19.96426387
       20.24095147       2.018835981       19.96418081
       20.24150878       2.021273863       19.96409765
       20.24206672       2.023711608        19.9640144
        20.2426253       2.026149217       19.96393105
       20.24318451        2.02858669       19.96384761
       20.24374436       2.031024025       19.96376407
       20.24430484       2.033461223       19.96368043
       20.24486595       2.035898284        19.9635967
        20.2454277       2.038335208       19.96351287
       20.24599008       2.040771995       19.96342894
       20.24655309       2.043208644       19.96334492
       20.24711674       2.045645155        19.9632608
       20.24768103       2.048081529       19.96317659
       20.24824594       2.050517764       19.96309228
       20.24881149       2.052953862       19.96300788
       20.24937768       2.055389821       19.96292338
        20.2499445       2.057825641       19.96283878
       20.25051195       2.060261323       19.96275409
       20.25108003       2.062696866        19.9626693
       20.25164875       2.065132271       19.96258441
       20.25221811       2.067567536       19.96249943
       20.25278809       2.070002662       19.96241436
       20.25335871       2.072437649       19.96232918
       20.25392997       2.074872497       19.96224391
       20.25450185       2.077307204       19.96215855
       20.25507437       2.079741772       19.96207309
       20.25564753       2.082176201       19.96198753
       20.25622132       2.084610489       19.96190188
       20.25679574       2.087044637       19.96181613
       20.25737079       2.089478644       19.96173029
       20.25794648       2.091912511       19.96164435
        20.2585228       2.094346238       19.96155831
       20.25909975       2.096779823       19.96147218
       20.25967734       2.099213268       19.96138595
       20.26025556       2.101646572       19.96129962
       20.26083441       2.104079734        19.9612132
        20.2614139       2.106512755       19.96112669
       20.26199402       2.108945635       19.96104007
       20.26257477       2.111378373       19.96095336
       20.26315615       2.113810969       19.96086656
       20.26373817       2.116243423       19.96077966
       20.26432082       2.118675735       19.96069266
       20.26490411       2.121107905       19.96060557
       20.26548802       2.123539932       19.96051838
       20.26607257       2.125971817        19.9604311
       20.26665775       2.128403559       19.96034372
       20.26724357       2.130835159       19.96025624
       20.26783001       2.133266615       19.96016867
       20.26841709       2.135697929         19.960081
       20.26900481       2.138129099       19.95999324
       20.26959315       2.140560125       19.95990538
       20.27018213       2.142991008       19.95981742
       20.27077174       2.145421748       19.95972937
       20.27136198       2.147852343       19.95964122
       20.27195286       2.150282795       19.95955297
       20.27254437       2.152713102       19.95946463
       20.27313651       2.155143265        19.9593762
       20.27372928       2.157573284       19.95928767
       20.27432268       2.160003158       19.95919904
       20.27491672       2.162432887       19.95911031
       20.27551139       2.164862472       19.95902149
       20.27610669       2.167291911       19.95893258
       20.27670262       2.169721206       19.95884357
       20.27729919       2.172150355       19.95875446
       20.27789639       2.174579358       19.95866525
       20.27849422       2.177008216       19.95857595
       20.27909268       2.179436928       19.95848656
       20.27969177       2.181865495       19.95839707
        20.2802915       2.184293915       19.95830748
       20.28089185       2.186722189       19.95821779
       20.28149284       2.189150317       19.95812801
       20.28209446       2.191578298       19.95803814
       20.28269672       2.194006133       19.95794817
        20.2832996        2.19643382        19.9578581
       20.28390312       2.198861361       19.95776794
       20.28450727       2.201288755       19.95767768
       20.28511205       2.203716002       19.95758732
       20.28571746       2.206143101       19.95749687
        20.2863235       2.208570053       19.95740632
       20.28693018       2.210996857       19.95731568
       20.28753748       2.213423514       19.95722494
       20.28814542       2.215850022        19.9571341
       20.28875399       2.218276383       19.95704317
       20.28936319       2.220702595       19.95695214
       20.28997302       2.223128659       19.95686102
       20.29058348       2.225554574        19.9567698
       20.29119458       2.227980341       19.95667849
        20.2918063       2.230405959       19.95658708
       20.29241866       2.232831427       19.95649557
       20.29303165       2.235256747       19.95640397
       20.29364527       2.237681918       19.95631227
       20.29425952       2.240106939       19.95622047
        20.2948744        2.24253181       19.95612858
       20.29548991       2.244956532       19.95603659
       20.29610606       2.247381104       19.95594451
       20.29672283       2.249805526       19.95585233
       20.29734024       2.252229798       19.95576006
       20.29795827        2.25465392       19.95566769
       20.29857694       2.257077891       19.95557522
       20.29919624       2.259501712       19.95548266
       20.29981617       2.261925382          19.95539
       20.30043673       2.264348901       19.95529724
       20.30105792       2.266772269       19.95520439
       20.30167974       2.269195486       19.95511145
       20.30230219       2.271618552        19.9550184
       20.30292527       2.274041467       19.95492527
       20.30354899       2.276464229       19.95483203
       20.30417333        2.27888684        19.9547387
       20.30479831       2.281309299       19.95464527
       20.30542391       2.283731607       19.95455175
       20.30605014       2.286153762       19.95445813
       20.30667701       2.288575764       19.95436442
       20.30730451       2.290997614       19.95427061
       20.30793263       2.293419312        19.9541767
       20.30856139       2.295840857        19.9540827
       20.30919077       2.298262249        19.9539886
       20.30982079       2.300683488       19.95389441
       20.31045144       2.303104574       19.95380012
       20.31108272       2.305525506       19.95370574
       20.31171462       2.307946285       19.95361125
       20.31234716        2.31036691       19.95351668
       20.31298033       2.312787382         19.953422
       20.31361412         2.3152077       19.95332723
       20.31424855       2.317627863       19.95323237
       20.31488361       2.320047873       19.95313741
        20.3155193       2.322467728       19.95304235
       20.31615561       2.324887428        19.9529472
       20.31679256       2.327306974       19.95285195
       20.31743014       2.329726366        19.9527566
       20.31806834       2.332145602       19.95266116
       20.31870718       2.334564683       19.95256562
       20.31934664       2.336983609       19.95246999
       20.31998674        2.33940238       19.95237426
       20.32062746       2.341820995       19.95227844
       20.32126882       2.344239454       19.95218252
        20.3219108       2.346657758        19.9520865
       20.32255341       2.349075906       19.95199039
       20.32319666       2.351493897       19.95189418
       20.32384053       2.353911733       19.95179787
       20.32448503       2.356329412       19.95170147
       20.32513016       2.358746934       19.95160498
       20.32577592         2.3611643       19.95150838
       20.32642231       2.363581509        19.9514117
       20.32706933       2.365998561       19.95131491
       20.32771698       2.368415456       19.95121803
       20.32836525       2.370832194       19.95112106
       20.32901416       2.373248774       19.95102398
       20.32966369       2.375665197       19.95092682
       20.33031386       2.378081462       19.95082955
       20.33096465       2.380497569       19.95073219
       20.33161607       2.382913518       19.95063474
       20.33226812        2.38532931       19.95053719
        20.3329208       2.387744942       19.95043954
       20.33357411       2.390160417       19.95034179
       20.33422805       2.392575733       19.95024396
       20.33488261        2.39499089       19.95014602
       20.33553781       2.397405888       19.95004799
       20.33619363       2.399820728       19.94994986
       20.33685008       2.402235408       19.94985164
       20.33750716       2.404649929       19.94975332
       20.33816487        2.40706429        19.9496549
       20.33882321       2.409478492       19.94955639
       20.33948218       2.411892535       19.94945779
       20.34014177       2.414306417       19.94935908
       20.34080199       2.416720139       19.94926029
       20.34146285       2.419133702       19.94916139
       20.34212433       2.421547103        19.9490624
       20.34278643       2.423960345       19.94896331
       20.34344917       2.426373426       19.94886413
       20.34411253       2.428786346       19.94876485
       20.34477653       2.431199105       19.94866548
       20.34544115       2.433611703       19.94856601
        20.3461064       2.436024141       19.94846644
       20.34677227       2.438436416       19.94836678
       20.34743878       2.440848531       19.94826702
       20.34810591       2.443260483       19.94816717
       20.34877367       2.445672274       19.94806722
       20.34944206       2.448083903       19.94796718
       20.35011108        2.45049537       19.94786703
       20.35078072       2.452906675        19.9477668
       20.35145099       2.455317818       19.94766646
       20.35212189       2.457728798       19.94756603
       20.35279342       2.460139615       19.94746551
       20.35346557        2.46255027       19.94736489
       20.35413836       2.464960761       19.94726417
       20.35481177        2.46737109       19.94716336
