                20              0.25                20
       20.00650057               0.5       19.99903788
       20.01950172      0.7498494921       19.99711363
       20.03899998      0.9993979686        19.9942273
        20.0649884       1.248495001       19.99037899
        20.0974566       1.496990322       19.98556884
        20.1363907       1.744733902       19.97979702
       20.18177339       1.991576033       19.97306377
        20.2335839       2.237367403       19.96536937
       20.29179802        2.48195918       19.95671415
       20.35638811       2.725203091       19.94709846
       20.42732313       2.966951497       19.93652273
        20.5045686       3.207057477       19.92498743
        20.5880867         3.4453749       19.91249305
       20.67783622        3.68175851       19.89904016
        20.7737726       3.916063999       19.88462936
       20.87584796       4.148148085       19.86926128
       20.98401113       4.377868589       19.85293664
       21.09820765       4.605084511       19.83565616
       21.21837982       4.829656105       19.81742063
        21.3444667       5.051444954       19.79823088
        21.4764042       5.270314045       19.77808779
       21.61412504       5.486127842       19.75699228
       21.75755883       5.698752357       19.73494533
       21.90663209       5.908055225       19.71194794
       22.06126829       6.113905772       19.68800118
       22.22138789       6.316175089       19.66310615
       22.38690839       6.514736096       19.63726401
       22.55774433       6.709463617       19.61047595
       22.73380742       6.900234442       19.58274322
       22.91500647       7.086927394        19.5540671
       23.10124754       7.269423399       19.52444893
       23.29243394       7.447605545       19.49389008
       23.48846627       7.621359148         19.462392
       23.68924251       7.790571813       19.42995613
       23.89465803       7.955133495         19.396584
       24.10460567        8.11493656       19.36227717
        24.3189758       8.269875842       19.32703725
       24.53765635       8.419848698       19.29086588
        24.7605329        8.56475507       19.25376476
       24.98748872       8.704497533       19.21573563
       25.21840484       8.838981352       19.17678027
       25.45316009       8.968114532       19.13690052
       25.69163119       9.091807868       19.09609825
       25.93369282       9.209974997       19.05437537
       26.17921764        9.32253244       19.01173385
       26.42807642       9.429399653        18.9681757
       26.68013804       9.530499069       18.92370297
       26.93526961       9.625756139       18.87831775
       27.19333652       9.715099377       18.83202218
       27.45420253       9.798460397       18.78481845
       27.71772978       9.875773951       18.73670878
       27.98377896       9.946977966       18.68769545
       28.25220929       10.01201358       18.63778076
       28.52287864       10.07082517       18.58696708
       28.79564362       10.12336039       18.53525681
        29.0703596        10.1695702       18.48265239
       29.34688085       10.20940888       18.42915631
       29.62506057       10.24283408        18.3747711
       29.90475099       10.26980682       18.31949933
       30.18580343       10.29029154       18.26334362
       30.46806841       10.30425608       18.20630663
       30.75139569       10.31167174       18.14839106
       31.03563437       10.31251329       18.08959966
       31.32063298       10.30675895        18.0299352
       31.60623955       10.29439045       17.96940052
       31.89230166       10.27539301        17.9079985
       32.17866658       10.24975536       17.84573203
        32.4651813       10.21746977       17.78260407
       32.75169264       10.17853199       17.71861763
       33.03804733       10.13294134       17.65377573
       33.32409206       10.08070066       17.58808146
       33.60967361       10.02181631       17.52153793
       33.89463889       9.956298179       17.45414831
       34.17883503       9.884159699       17.38591579
       34.46210949       9.805417811       17.31684362
        34.7443101       9.720092972       17.24693507
       35.02528518       9.628209143       17.17619348
       35.30488359       9.529793781       17.10462221
       35.58295481       9.424877824       17.03222466
       35.85934905       9.313495675       16.95900426
       36.13391731        9.19568519       16.88496451
       36.40651145       9.071487656       16.81010893
       36.67698429       8.940947772       16.73444108
       36.94518967       8.804113627       16.65796456
       37.21098255       8.661036678         16.580683
       37.47421906       8.511771722        16.5026001
        37.7347566       8.356376868       16.42371956
       37.99245391       8.194913514       16.34404514
       38.24717113       8.027446309       16.26358065
       38.49876991       7.854043123        16.1823299
       38.74711344       7.674775015       16.10029677
       38.99206655       7.489716193       16.01748517
        39.2334958       7.298943981       15.93389905
       39.47126951       7.102538774       15.84954239
       39.70525785       6.900584004       15.76441921
       39.93533292       6.693166088       15.67853357
       40.16136881       6.480374395       15.59188956
       40.38324165        6.26230119       15.50449132
       40.60082973       6.039041593       15.41634301
       40.81401349       5.810693528       15.32744884
       41.02267565       5.577357671       15.23781305
       41.22670124       5.339137403       15.14743991
       41.42597768       5.096138749       15.05633374
       41.62039481        4.84847033       14.96449888
       41.80984499       4.596243305       14.87193972
       41.99422314       4.339571309       14.77866068
       42.17342678       4.078570401        14.6846662
       42.34735613          3.813359       14.58996078
        42.5159141       3.544057822       14.49454893
       42.67900641        3.27078982       14.39843522
        42.8365416       2.993680119       14.30162423
       42.98843109       2.712855951       14.20412058
       43.13458923       2.428446588       14.10592894
       43.27493336       2.140583275       14.00705399
       43.40938382        1.84939916       13.90750046
       43.53786403       1.555029229       13.80727311
       43.66030052       1.257610229       13.70637671
       43.77662296      0.9572806005       13.60481611
       43.88676422      0.6541804041       13.50259614
       43.99066037      0.3484512469       13.39972169
       44.08825078      0.0402362081       13.29619769
       44.17947809     -0.2703202359       13.19202907
       44.26428826     -0.5830722875       13.08722083
       44.34263062     -0.8978729044       12.98177797
       44.41445789      -1.214573877       12.87570553
        44.4797262      -1.533025907       12.76900859
       44.53839511      -1.853078685       12.66169225
       44.59042765      -2.174580969       12.55376163
       44.63579033      -2.497380668       12.44522192
       44.67445316      -2.821324917       12.33607829
       44.70638968      -3.146260161       12.22633596
       44.73157694      -3.472032236        12.1160002
       44.74999558      -3.798486448       12.00507627
       44.76162977      -4.125467659       11.89356949
       44.76646727      -4.452820363       11.78148519
       44.76449941      -4.780388775       11.66882873
       44.75572112      -5.108016909       11.55560552
        44.7401309      -5.435548661       11.44182096
       44.71773087      -5.762827896        11.3274805
       44.68852674      -6.089698523       11.21258962
        44.6525278      -6.416004586       11.09715382
       44.60974694       -6.74159034       10.98117862
       44.56020064       -7.06630034       10.86466959
       44.50390897      -7.389979518       10.74763229
       44.44089554      -7.712473268       10.63007233
       44.37118755       -8.03362753       10.51199534
       44.29481573      -8.353288869       10.39340698
       44.21181436      -8.671304557       10.27431293
       44.12222122      -8.987522656        10.1547189
       44.02607759      -9.301792099        10.0346306
       43.92342825       -9.61396277         9.9140538
       43.81432141      -9.923885581       9.792994271
       43.69880872      -10.23141256       9.671457816
       43.57694526      -10.53639691       9.549450256
       43.44878946      -10.83869314        9.42697744
       43.31440312      -11.13815705       9.304045236
       43.17385135       -11.4346459       9.180659536
       43.02720255      -11.72801845       9.056826253
       42.87452838      -12.01813502       8.932551324
       42.71590371      -12.30485759       8.807840706
       42.55140658      -12.58804987       8.682700377
       42.38111818      -12.86757734       8.557136336
       42.20512281      -13.14330738       8.431154603
       42.02350778       -13.4151093       8.304761219
       41.83636346      -13.68285443       8.177962244
       41.64378316      -13.94641615       8.050763759
        41.4458631      -14.20567004       7.923171864
       41.24270238      -14.46049385       7.795192676
       41.03440289      -14.71076764       7.666832335
       40.82106932       -14.9563738       7.538096997
       40.60280903      -15.19719715       7.408992837
       40.37973206      -15.43312496       7.279526048
       40.15195103      -15.66404706        7.14970284
       39.91958111      -15.88985584       7.019529442
       39.68273993      -16.11044638       6.889012099
       39.44154755      -16.32571645       6.758157073
       39.19612638      -16.53556658       6.626970643
       38.94660112      -16.73990014       6.495459104
        38.6930987      -16.93862334       6.363628766
        38.4357482      -17.13164535       6.231485957
       38.17468079      -17.31887828       6.099037018
       37.91002967      -17.50023729       5.966288305
       37.64193001      -17.67564059       5.833246192
       37.37051883      -17.84500951       5.699917062
       37.09593498      -18.00826854       5.566307318
       36.81831905      -18.16534534       5.432423372
       36.53781328      -18.31617085       5.298271653
       36.25456153      -18.46067927         5.1638586
       35.96870915      -18.59880809       5.029190667
       35.68040293      -18.73049819       4.894274321
       35.38979103      -18.85569379        4.75911604
       35.09702288      -18.97434255       4.623722313
       34.80224914      -19.08639556       4.488099644
       34.50562157      -19.19180739       4.352254545
         34.207293       -19.2905361       4.216193541
       33.90741719      -19.38254325       4.079923167
       33.60614883      -19.46779398       3.943449967
       33.30364337      -19.54625697       3.806780498
       33.00005701      -19.61790447       3.669921324
       32.69554657      -19.68271236       3.532879021
       32.39026944       -19.7406601       3.395660171
       32.08438347      -19.79173079       3.258271369
        31.7780469      -19.83591117       3.120719214
       31.47141829      -19.87319162       2.983010316
       31.16465639      -19.90356616       2.845151292
       30.85792012      -19.92703249       2.707148767
       30.55136843      -19.94359195       2.569009372
       30.24516025      -19.95324955       2.430739747
       29.93945439      -19.95601396       2.292346537
       29.63440946      -19.95189751       2.153836393
       29.33018379      -19.94091617       2.015215973
       29.02693532      -19.92308958        1.87649194
       28.72482156        -19.898441       1.737670962
       28.42399948      -19.86699732       1.598759714
       28.12462542      -19.82878905       1.459764873
       27.82685503       -19.7838503       1.320693122
       27.53084316      -19.73221877       1.181551147
       27.23674379      -19.67393571       1.042345639
       26.94470998      -19.60904593      0.9030832902
       26.65489371      -19.53759777      0.7637707985
       26.36744587      -19.45964305       0.624414863
       26.08251617       -19.3752371      0.4850221853
       25.80025301      -19.28443865      0.3455994694
       25.52080347       -19.1873099       0.206153421
       25.24431318       -19.0839164     0.06669074704
       24.97092625      -18.97432706    -0.07278184416
       24.70078523      -18.85861413     -0.2122576436
       24.43403097      -18.73685312     -0.3517299418
       24.17080262       -18.6091228      -0.491192029
       23.91123747      -18.47550513     -0.6306371959
       23.65547096      -18.33608524     -0.7700587334
       23.40363655       -18.1909514     -0.9094499333
       23.15586566      -18.04019491      -1.048804089
       22.91228763      -17.88391012      -1.188114494
       22.67302959      -17.72219438      -1.327374445
       22.43821647      -17.55514794      -1.466577241
       22.20797086      -17.38287393      -1.605716181
       21.98241298       -17.2054783       -1.74478457
       21.76166061       -17.0230698      -1.883775715
       21.54582903      -16.83575986      -2.022682924
       21.33503093      -16.64366257      -2.161499512
       21.12937641      -16.44689462      -2.300218796
       20.92897286      -16.24557525      -2.438834099
        20.7339249      -16.03982615      -2.577338748
       20.54433439      -15.82977143      -2.715726073
        20.3603003      -15.61553756      -2.853989412
        20.1819187      -15.39725325      -2.992122108
       20.00928269      -15.17504947      -3.130117509
       19.84248235      -14.94905929      -3.267968971
        19.6816047       -14.7194179      -3.405669855
       19.52673363      -14.48626247      -3.543213529
        19.3779499      -14.24973208       -3.68059337
       19.23533104      -14.00996771      -3.817802759
       19.09895133      -13.76711211       -3.95483509
       18.96888178      -13.52130974      -4.091683761
       18.84519007      -13.27270669      -4.228342179
       18.72794048      -13.02145061      -4.364803762
       18.61719394      -12.76769064      -4.501061936
       18.51300791      -12.51157731      -4.637110136
       18.41543639      -12.25326249      -4.772941807
       18.32452988      -11.99289928      -4.908550404
       18.24033536      -11.73064195      -5.043929392
       18.16289624      -11.46664585       -5.17907225
       18.09225237      -11.20106732      -5.313972463
       18.02843999      -10.93406363       -5.44862353
       17.97149171      -10.66579289      -5.583018963
        17.9214365      -10.39641394      -5.717152283
       17.87829969      -10.12608631      -5.851017025
        17.8421029      -9.854970086      -5.984606737
       17.81286409      -9.583225882      -6.117914979
       17.79059751      -9.311014707      -6.250935324
       17.77531369      -9.038497902      -6.383661359
       17.76701947      -8.765837052      -6.516086686
       17.76571794      -8.493193897      -6.648204919
       17.77140847      -8.220730249      -6.780009688
       17.78408672      -7.948607906      -6.911494637
       17.80374461      -7.676988564      -7.042653426
       17.83037031      -7.406033734      -7.173479729
       17.86394832      -7.135904655      -7.303967237
       17.90445938      -6.866762206      -7.434109656
       17.95188055      -6.598766826      -7.563900709
       18.00618519      -6.332078421      -7.693334135
       18.06734295      -6.066856287      -7.822403691
       18.13531986      -5.803259019      -7.951103149
       18.21007825      -5.541444428      -8.079426302
       18.29157683       -5.28156946      -8.207366957
        18.3797707      -5.023790108      -8.334918942
       18.47461137      -4.768261329      -8.462076102
       18.57604676      -4.515136967        -8.5888323
       18.68402126      -4.264569662      -8.715181421
       18.79847574      -4.016710776      -8.841117365
       18.91934759      -3.771710306      -8.966634055
       19.04657074      -3.529716809      -9.091725432
       19.18007569      -3.290877318      -9.216385459
       19.31978955      -3.055337266      -9.340608118
        19.4656361      -2.823240407      -9.464387411
       19.61753579      -2.594728739      -9.587717364
        19.7754058      -2.369942426       -9.71059202
       19.93916009      -2.149019726      -9.833005448
       20.10870943      -1.932096914      -9.954951737
       20.28396144       -1.71930821        -10.076425
       20.46482067      -1.510785705      -10.19741936
        20.6511886      -1.306659292      -10.31792899
       20.84296375      -1.107056594      -10.43794806
       21.04004166     -0.9121028964      -10.55747077
       21.24231501     -0.7219210781      -10.67649135
       21.44967365     -0.5366315462      -10.79500405
       21.66200464       -0.35635217      -10.91300315
       21.87919233     -0.1811982171      -11.03048294
       22.10111844    -0.01128229142      -11.14743774
       22.32766204      0.1532857286      -11.26386192
       22.55869973      0.3123987495      -11.37974983
       22.79410559       0.465952521      -11.49509588
       23.03375134      0.6138456929      -11.60989449
       23.27750633      0.7559798707      -11.72414012
       23.52523767       0.892259669      -11.83782724
       23.77681026       1.022592764      -11.95095036
       24.03208687       1.146889944        -12.063504
       24.29092822       1.265065157      -12.17548273
       24.55319304       1.377035563      -12.28688113
       24.81873817       1.482721573      -12.39769381
       25.08741859       1.582046896      -12.50791542
       25.35908753       1.674938583      -12.61754062
       25.63359656       1.761327066      -12.72656412
       25.91079561       1.841146194      -12.83498063
       26.19053312       1.914333276      -12.94278492
       26.47265607        1.98082911      -13.04997176
       26.75701008        2.04057802      -13.15653598
       27.04343946       2.093527886      -13.26247241
       27.33178737       2.139630173      -13.36777593
       27.62189581       2.178839961      -13.47244144
       27.91360576        2.21111597      -13.57646389
       28.20675724        2.23642058      -13.67983822
       28.50118942       2.254719859      -13.78255944
       28.79674067       2.265983578      -13.88462258
       29.09324867       2.270185234      -13.98602269
       29.39055048       2.267302059      -14.08675486
       29.68848266       2.257315043      -14.18681422
       29.98688131       2.240208936      -14.28619592
       30.28558217       2.215972269      -14.38489514
       30.58442074       2.184597351      -14.48290711
       30.88323232       2.146080286      -14.58022708
       31.18185214       2.100420967      -14.67685033
       31.48011541       2.047623085      -14.77277218
       31.77785742       1.987694128      -14.86798799
       32.07491366       1.920645376      -14.96249313
       32.37111986         1.8464919      -15.05628303
       32.66631208       1.765252555      -15.14935314
       32.96032684       1.676949971      -15.24169895
       33.25300118       1.581610545      -15.33331598
       33.54417273       1.479264428       -15.4241998
       33.83367982       1.369945512      -15.51434598
       34.12136156       1.253691411      -15.60375017
       34.40705794       1.130543447      -15.69240802
       34.69060988       1.000546626      -15.78031523
       34.97185935      0.8637496219      -15.86746754
       35.25064942      0.7202047457      -15.95386072
        35.5268244      0.5699679245      -16.03949058
       35.80022986      0.4130986721      -16.12435296
       36.07071274      0.2496600595      -16.20844374
       36.33812145     0.07971868351      -16.29175883
       36.60230591    -0.09665536701       -16.3742942
       36.86311767     -0.2793885461      -16.45604584
       37.12040997     -0.4684038882      -16.53700977
       37.37403783     -0.6636210468      -16.61718206
        37.6238581     -0.8649563356      -16.69655882
       37.86972956      -1.072322771       -16.7751362
       38.11151302      -1.285630116      -16.85291036
       38.34907134      -1.504784928      -16.92987753
       38.58226954      -1.729690603      -17.00603398
       38.81097487      -1.960247431      -17.08137599
       39.03505686       -2.19635264      -17.15589991
       39.25438742      -2.437900457      -17.22960211
       39.46884089      -2.684782154      -17.30247901
       39.67829412      -2.936886112      -17.37452705
       39.88262653      -3.194097871      -17.44574274
       40.08172017      -3.456300198       -17.5161226
       40.27545979      -3.723373139      -17.58566322
       40.46373291      -3.995194086       -17.6543612
       40.64642986      -4.271637841       -17.7222132
       40.82344385      -4.552576678      -17.78921592
       40.99467107      -4.837880413      -17.85536609
       41.16001065      -5.127416469      -17.92066049
       41.31936482      -5.421049945      -17.98509594
        41.4726389      -5.718643689      -18.04866929
       41.61974136      -6.020058366      -18.11137744
       41.76058389      -6.325152535      -18.17321735
       41.89508142      -6.633782717      -18.23418598
       42.02315222      -6.945803478      -18.29428037
       42.14471788      -7.261067496      -18.35349758
       42.25970337      -7.579425645      -18.41183473
       42.36803714      -7.900727073      -18.46928895
       42.46965107      -8.224819274      -18.52585746
       42.56448058      -8.551548178      -18.58153747
       42.65246462      -8.880758223      -18.63632628
       42.73354573      -9.212292444       -18.6902212
       42.80767007      -9.545992549       -18.7432196
       42.87478743      -9.881699007      -18.79531889
        42.9348513      -10.21925113       -18.8465165
       42.98781884      -10.55848716      -18.89680995
       43.03365096      -10.89924435      -18.94619676
        43.0723123      -11.24135905      -18.99467452
       43.10377128      -11.58466681      -19.04224085
       43.12800009      -11.92900242      -19.08889342
       43.14497476      -12.27420006      -19.13462994
       43.15467511      -12.62009335      -19.17944817
       43.15708479      -12.96651544       -19.2233459
       43.15219131       -13.3132991      -19.26632098
       43.13998601      -13.66027682       -19.3083713
       43.12046411      -14.00728088      -19.34949478
       43.09362469      -14.35414347      -19.38968942
       43.05947067      -14.70069674      -19.42895323
       43.01800885       -15.0467729      -19.46728427
       42.96924992      -15.39220434      -19.50468066
       42.91320838      -15.73682369      -19.54114055
       42.84990263      -16.08046389      -19.57666215
       42.77935489      -16.42295833      -19.61124369
       42.70159122      -16.76414091      -19.64488348
       42.61664152      -17.10384611      -19.67757985
       42.52453948      -17.44190912      -19.70933117
       42.42532261       -17.7781659      -19.74013588
       42.31903218      -18.11245325      -19.76999245
       42.20571323      -18.44460896       -19.7988994
       42.08541451      -18.77447183      -19.82685529
       41.95818853       -19.1018818      -19.85385873
       41.82409143      -19.42667999      -19.87990837
       41.68318305      -19.74870885      -19.90500292
       41.53552684      -20.06781218      -19.92914113
       41.38118986      -20.38383525      -19.95232178
       41.22024272      -20.69662488      -19.97454371
       41.05275956      -21.00602952      -19.99580582
       40.87881801      -21.31189931      -20.01610703
       40.69849916      -21.61408618      -20.03544631
       40.51188751      -21.91244394      -20.05382269
        40.3190709      -22.20682835      -20.07123525
       40.12014054      -22.49709717      -20.08768309
       39.91519086      -22.78311028      -20.10316538
       39.70431956      -23.06472972      -20.11768133
        39.4876275       -23.3418198       -20.1312302
       39.26521866      -23.61424714      -20.14381128
        39.0372001      -23.88188075      -20.15542392
        38.8036819      -24.14459211      -20.16606752
       38.56477709      -24.40225524      -20.17574152
        38.3206016      -24.65474677       -20.1844454
        38.0712742      -24.90194597      -20.19217871
       37.81691647      -25.14373489      -20.19894102
       37.55765266      -25.37999833      -20.20473196
        37.2936097      -25.61062399      -20.20955121
       37.02491711      -25.83550248      -20.21339849
        36.7517069      -26.05452739      -20.21627356
       36.47411357      -26.26759536      -20.21817624
       36.19227397      -26.47460611      -20.21910639
       35.90632727      -26.67546253      -20.21906393
       35.61641488      -26.87007071      -20.21804879
       35.32268036         -27.05834        -20.216061
       35.02526936      -27.24018303       -20.2131006
       34.72432957      -27.41551583      -20.20916767
       34.42001056       -27.5842578      -20.20426237
       34.11246381      -27.74633179      -20.19838489
       33.80184254      -27.90166414      -20.19153545
       33.48830168      -28.05018472      -20.18371435
       33.17199778      -28.19182697      -20.17492191
        32.8530889      -28.32652793      -20.16515851
       32.53173457      -28.45422829      -20.15442456
       32.20809569      -28.57487241      -20.14272055
       31.88233442      -28.68840834      -20.13004699
       31.55461414       -28.7947879      -20.11640444
       31.22509931      -28.89396663      -20.10179351
       30.89395543       -28.9859039      -20.08621485
       30.56134895      -29.07056286      -20.06966917
       30.22744714       -29.1479105      -20.05215723
       29.89241804      -29.21791768       -20.0336798
       29.55643038       -29.2805591      -20.01423775
       29.21965343      -29.33581338      -19.99383195
       28.88225699      -29.38366302      -19.97246334
       28.54441125      -29.42409443       -19.9501329
       28.20628671      -29.45709794      -19.92684167
       27.86805409      -29.48266781      -19.90259071
       27.52988424      -29.50080223      -19.87738114
       27.19194807      -29.51150334      -19.85121414
       26.85441641      -29.51477719      -19.82409091
       26.51745998      -29.51063377      -19.79601272
       26.18124924      -29.49908703      -19.76698086
       25.84595436      -29.48015481      -19.73699669
       25.51174506      -29.45385888      -19.70606161
        25.1787906      -29.42022494      -19.67417706
       24.84725961      -29.37928256      -19.64134452
       24.51732006      -29.33106521      -19.60756554
       24.18913914      -29.27561023      -19.57284168
       23.86288319      -29.21295879      -19.53717458
       23.53871759      -29.14315591       -19.5005659
       23.21680668      -29.06625042      -19.46301737
       22.89731369      -28.98229493      -19.42453073
       22.58040061       -28.8913458      -19.38510781
       22.26622816      -28.79346314      -19.34475044
       21.95495567      -28.68871074      -19.30346054
       21.64674098      -28.57715608      -19.26124002
       21.34174039      -28.45887027       -19.2180909
       21.04010857      -28.33392801      -19.17401518
       20.74199845      -28.20240757      -19.12901496
       20.44756116      -28.06439073      -19.08309235
       20.15694595      -27.91996278      -19.03624952
       19.87030012      -27.76921241      -18.98848867
        19.5877689      -27.61223173      -18.93981206
       19.30949541      -27.44911619      -18.89022198
       19.03562057      -27.27996453      -18.83972079
       18.76628302      -27.10487873      -18.78831085
       18.50161907      -26.92396398      -18.73599461
       18.24176257      -26.73732859      -18.68277454
       17.98684492      -26.54508397      -18.62865314
       17.73699491      -26.34734454      -18.57363299
       17.49233871      -26.14422771      -18.51771669
       17.25299981      -25.93585376      -18.46090688
       17.01909888      -25.72234586      -18.40320625
        16.7907538      -25.50382991      -18.34461754
       16.56807952      -25.28043456      -18.28514352
       16.35118803       -25.0522911      -18.22478702
       16.14018831      -24.81953338      -18.16355088
       15.93518623      -24.58229779      -18.10143802
       15.73628454      -24.34072314      -18.03845137
       15.54358279       -24.0949506      -17.97459394
       15.35717727      -23.84512365      -17.90986875
       15.17716097      -23.59138797      -17.84427886
       15.00362351      -23.33389141       -17.7778274
       14.83665113      -23.07278384      -17.71051752
       14.67632659      -22.80821716      -17.64235242
       14.52272916      -22.54034515      -17.57333533
       14.37593459      -22.26932343      -17.50346954
         14.236015      -21.99530934      -17.43275836
       14.10303892       -21.7184619      -17.36120515
       13.97707121      -21.43894172      -17.28881332
       13.85817302      -21.15691088      -17.21558631
       13.74640178      -20.87253287       -17.1415276
       13.64181113      -20.58597252      -17.06664071
       13.54445095      -20.29739588      -16.99092921
       13.45436725      -20.00697015       -16.9143967
       13.37160222       -19.7148636      -16.83704682
       13.29619417      -19.42124546      -16.75888325
        13.2281775      -19.12628584      -16.67990972
       13.16758269      -18.83015566      -16.60012998
        13.1144363      -18.53302652      -16.51954783
       13.06876092      -18.23507064      -16.43816711
       13.03057518      -17.93646076       -16.3559917
       12.99989372      -17.63737005      -16.27302552
       12.97672721      -17.33797202      -16.18927251
       12.96108231      -17.03844042      -16.10473666
       12.95296168      -16.73894916      -16.01942201
       12.95236396      -16.43967219      -15.93333263
       12.95928381      -16.14078345      -15.84647261
       12.97371186      -15.84245676       -15.7588461
       12.99563475       -15.5448657      -15.67045727
       13.02503511      -15.24818356      -15.58131035
       13.06189158      -14.95258323      -15.49140958
       13.10617881      -14.65823709      -15.40075925
       13.15786751      -14.36531696       -15.3093637
        13.2169244      -14.07399397      -15.21722726
       13.28331226      -13.78443848      -15.12435436
       13.35698997      -13.49682001      -15.03074941
       13.43791247      -13.21130711      -14.93641688
       13.52603084      -12.92806731      -14.84136129
       13.62129229        -12.647267      -14.74558716
       13.72364021      -12.36907136      -14.64909907
       13.83301417      -12.09364426      -14.55190162
       13.94934998      -11.82114819      -14.45399946
       14.07257968      -11.55174414      -14.35539727
       14.20263164      -11.28559157      -14.25609974
       14.33943052      -11.02284824      -14.15611164
       14.48289736      -10.76367022      -14.05543773
       14.63294961      -10.50821174      -13.95408282
       14.78950116      -10.25662511      -13.85205176
       14.95246239       -10.0090607      -13.74934942
       15.12174022      -9.765666785      -13.64598071
       15.29723816      -9.526589495      -13.54195057
       15.47885634      -9.291972747      -13.43726397
       15.66649157      -9.061958154      -13.33192593
       15.86003742      -8.836684953      -13.22594146
       16.05938424      -8.616289925      -13.11931565
       16.26441923       -8.40090733      -13.01205359
       16.47502648      -8.190668825      -12.90416041
       16.69108708      -7.985703399      -12.79564127
       16.91247911      -7.786137302      -12.68650136
       17.13907779      -7.592093974       -12.5767459
       17.37075544       -7.40369398      -12.46638014
       17.60738165      -7.221054945      -12.35540937
       17.84882327      -7.044291489      -12.24383888
       18.09494452      -6.873515165      -12.13167402
       18.34560705      -6.708834397      -12.01892015
       18.60067001      -6.550354423      -11.90558268
       18.85999013      -6.398177235      -11.79166702
       19.12342178      -6.252401525      -11.67717863
       19.39081707      -6.113122632      -11.56212299
        19.6620259      -5.980432484       -11.4465056
       19.93689605      -5.854419555        -11.330332
       20.21527329      -5.735168811      -11.21360776
       20.49700139      -5.622761664      -11.09633845
       20.78192228      -5.517275929       -10.9785297
       21.06987608      -5.418785777      -10.86018715
        21.3607012      -5.327361698      -10.74131647
       21.65423442      -5.243070459      -10.62192334
       21.95031101      -5.165975066      -10.50201349
       22.24876475      -5.096134732      -10.38159266
       22.54942808      -5.033604838      -10.26066661
       22.85213217      -4.978436909      -10.13924115
       23.15670697      -4.930678577      -10.01732208
       23.46298137      -4.890373558       -9.89491526
       23.77078322      -4.857561627       -9.77202654
       24.07993948      -4.832278592      -9.648661813
       24.39027626      -4.814556276      -9.524826992
       24.70161896      -4.804422495      -9.400528009
       25.01379232      -4.801901043      -9.275770824
       25.32662055      -4.807011678      -9.150561415
       25.63992738      -4.819770106      -9.024905784
       25.95353619      -4.840187975      -8.898809955
       26.26727011      -4.868272862      -8.772279971
       26.58095205      -4.904028271        -8.6453219
       26.89440489      -4.947453626      -8.517941827
       27.20745148       -4.99854427      -8.390145861
        27.5199148      -5.057291467       -8.26194013
       27.83161803        -5.1236824       -8.13333078
       28.14238464      -5.197700183       -8.00432398
       28.45203847      -5.279323859      -7.874925917
       28.76040388      -5.368528416      -7.745142795
       29.06730578      -5.465284794      -7.614980841
       29.37256975        -5.5695599      -7.484446298
       29.67602213      -5.681316624      -7.353545427
       29.97749014      -5.800513854      -7.222284508
       30.27680191      -5.927106498      -7.090669838
       30.57378662      -6.061045506      -6.958707731
        30.8682746      -6.202277891      -6.826404519
       31.16009737      -6.350746758       -6.69376655
       31.44908778      -6.506391332      -6.560800188
       31.73508006      -6.669146987      -6.427511815
       32.01790996      -6.838945276      -6.293907827
       32.29741477       -7.01571397      -6.159994636
       32.57343347      -7.199377092      -6.025778669
       32.84580677      -7.389854956      -5.891266368
       33.11437723      -7.587064204       -5.75646419
       33.37898932      -7.790917853      -5.621378605
       33.63948951      -8.001325337      -5.486016099
       33.89572637      -8.218192553       -5.35038317
       34.14755062      -8.441421909      -5.214486329
       34.39481524      -8.670912375      -5.078332102
       34.63737554      -8.906559532      -4.941927025
       34.87508921       -9.14825563       -4.80527765
       35.10781645      -9.395889639      -4.668390537
          35.33542       -9.64934731       -4.53127226
       35.55776524       -9.90851123      -4.393929405
       35.77472024      -10.17326089      -4.256368568
       35.98615586      -10.44347273      -4.118596356
        36.1919458      -10.71902022      -3.980619385
       36.39196667      -10.99977393      -3.842444285
       36.58609807      -11.28560158      -3.704077693
       36.77422264      -11.57636812      -3.565526255
       36.95622613      -11.87193578      -3.426796628
       37.13199745      -12.17216417      -3.287895477
       37.30142878      -12.47691036      -3.148829476
       37.46441555       -12.7860289      -3.009605306
       37.62085657      -13.09937194      -2.870229659
       37.77065403      -13.41678933      -2.730709231
        37.9137136      -13.73812863      -2.591050727
       38.04994444      -14.06323524      -2.451260859
        38.1792593      -14.39195246      -2.311346346
       38.30157451       -14.7241216      -2.171313911
       38.41681006      -15.05958202      -2.031170287
       38.52488965      -15.39817125      -1.890922209
       38.62574072      -15.73972506      -1.750576419
       38.71929448      -16.08407753      -1.610139664
       38.80548597      -16.43106119      -1.469618696
        38.8842541      -16.78050704      -1.329020269
       38.95554164      -17.13224469      -1.188351145
       39.01929531      -17.48610243      -1.047618087
       39.07546578      -17.84190732     -0.9068278621
        39.1240077      -18.19948528       -0.76598724
       39.16487973      -18.55866118     -0.6251029939
       39.19804455      -18.91925896     -0.4841818991
       39.22346892      -19.28110167     -0.3432307329
       39.24112366      -19.64401162     -0.2022562746
       39.25098368      -20.00781044    -0.06126530482
       39.25302801      -20.37231916     0.07973539479
       39.24723979      -20.73735835      0.2207390416
       39.23360629       -21.1027482      0.3617388527
       39.21211893      -21.46830857      0.5027280449
       39.18277329      -21.83385916      0.6436998352
       39.14556907      -22.19921954      0.7846474411
       39.10051015      -22.56420928      0.9255640811
       39.04760457      -22.92864806       1.066442975
        38.9868645      -23.29235571       1.207277343
       38.91830628      -23.65515237       1.348060409
       38.84195038      -24.01685853       1.488785397
        38.7578214      -24.37729516       1.629445535
       38.66594808      -24.73628382       1.770034053
       38.56636326       -25.0936467       1.910544185
       38.45910388      -25.44920675       2.050969168
       38.34421095      -25.80278778       2.191302241
       38.22172953      -26.15421455        2.33153665
       38.09170874      -26.50331285       2.471665644
        37.9542017      -26.84990958       2.611682476
       37.80926551      -27.19383291       2.751580406
       37.65696123      -27.53491227       2.891352698
       37.49735386      -27.87297854       3.030992622
       37.33051228      -28.20786408       3.170493454
       37.15650923      -28.53940283       3.309848476
       36.97542129      -28.86743041       3.449050978
       36.78732882      -29.19178421       3.588094256
       36.59231592      -29.51230346       3.726971613
       36.39047038      -29.82882933       3.865676361
       36.18188369      -30.14120502       4.004201818
       35.96665089      -30.44927583       4.142541312
       35.74487064      -30.75288924       4.280688179
       35.51664508      -31.05189501       4.418635765
       35.28207982      -31.34614526       4.556377422
       35.04128388      -31.63549453       4.693906516
       34.79436961      -31.91979987        4.83121642
       34.54145268      -32.19892093       4.968300519
       34.28265196      -32.47272002       5.105152205
       34.01808953      -32.74106217       5.241764886
       33.74789055      -33.00381525       5.378131977
       33.47218323      -33.26084999       5.514246907
       33.19109875      -33.51204008       5.650103115
       32.90477122      -33.75726222       5.785694054
       32.61333756      -33.99639623       5.921013188
       32.31693749      -34.22932505       6.056053994
        32.0157134      -34.45593486       6.190809963
        31.7098103       -34.6761151       6.325274598
       31.39937578      -34.88975856       6.459441417
       31.08455985      -35.09676143       6.593303951
       30.76551496      -35.29702335       6.726855746
       30.44239582      -35.49044749       6.860090362
       30.11535942      -35.67694054       6.993001375
       29.78456486      -35.85641286       7.125582375
       29.45017333      -36.02877843       7.257826968
       29.11234798      -36.19395496       7.389728776
       28.77125387      -36.35186392       7.521281438
       28.42705786      -36.50243057       7.652478609
       28.07992854      -36.64558403       7.783313959
       27.73003613       -36.7812573       7.913781178
       27.37755237      -36.90938727        8.04387397
       27.02265049      -37.02991483       8.173586062
       26.66550506      -37.14278483       8.302911192
       26.30629191      -37.24794615       8.431843123
       25.94518807      -37.34535172       8.560375633
       25.58237165      -37.43495854       8.688502518
       25.21802173      -37.51672771       8.816217597
        24.8523183      -37.59062449       8.943514704
       24.48544215      -37.65661823       9.070387697
       24.11757478      -37.71468248       9.196830452
       23.74889829      -37.76479496       9.322836864
       23.37959529      -37.80693758       9.448400853
       23.00984881      -37.84109647       9.573516355
        22.6398422      -37.86726196        9.69817733
       22.26975904      -37.88542861        9.82237776
       21.89978301       -37.8955952       9.946111648
       21.53009785      -37.89776476       10.06937302
       21.16088722      -37.89194452       10.19215592
       20.79233458      -37.87814597       10.31445442
       20.42462318      -37.85638481       10.43626262
       20.05793586      -37.82668097       10.55757462
       19.69245502      -37.78905857       10.67838458
       19.32836252      -37.74354596       10.79868665
       18.96583953      -37.69017566       10.91847503
       18.60506651      -37.62898436       11.03774392
       18.24622303      -37.56001291       11.15648757
       17.88948777      -37.48330631       11.27470023
       17.53503833      -37.39891365        11.3923762
        17.1830512      -37.30688813       11.50950978
       16.83370163      -37.20728701       11.62609532
       16.48716357      -37.10017158       11.74212718
       16.14360954      -36.98560714       11.85759976
       15.80321057      -36.86366297       11.97250746
       15.46613608      -36.73441227       12.08684475
       15.13255381      -36.59793216       12.20060607
       14.80262973      -36.45430361       12.31378595
       14.47652792      -36.30361143        12.4263789
       14.15441054       -36.1459442       12.53837949
       13.83643768      -35.98139422       12.64978228
       13.52276732       -35.8100575       12.76058191
       13.21355522      -35.63203367         12.870773
       12.90895486      -35.44742596       12.98035023
       12.60911731      -35.25634113       13.08930829
       12.31419121      -35.05888942       13.19764192
       12.02432266      -34.85518448       13.30534587
       11.73965511      -34.64534336       13.41241494
       11.46032936      -34.42948637       13.51884393
       11.18648339      -34.20773708        13.6246277
       10.91825237      -33.98022226       13.72976114
       10.65576853      -33.74707176       13.83423914
       10.39916112      -33.50841849       13.93805666
       10.14855631      -33.26439834       14.04120867
       9.904077172      -33.01515009       14.14369016
       9.665843545      -32.76081538       14.24549619
       9.433972025      -32.50153858       14.34662182
       9.208575878      -32.23746677       14.44706216
       8.989764981      -31.96874962       14.54681233
       8.777645763      -31.69553934       14.64586751
       8.572321147      -31.41799059        14.7442229
       8.373890493       -31.1362604       14.84187373
       8.182449542      -30.85050809       14.93881527
       7.998090367      -30.56089518       15.03504283
       7.820901319      -30.26758531       15.13055173
       7.650966979      -29.97074416       15.22533736
       7.488368111      -29.67053935       15.31939512
       7.333181619      -29.36714037       15.41272044
         7.1854805      -29.06071846        15.5053088
       7.045333808      -28.75144657       15.59715572
       6.912806612      -28.43949923       15.68825674
       6.787959962      -28.12505245       15.77860743
        6.67085085      -27.80828366       15.86820342
       6.561532184      -27.48937161       15.95704037
       6.460052752      -27.16849625       16.04511395
       6.366457198      -26.84583868       16.13241991
       6.280785992      -26.52158099       16.21895399
       6.203075412      -26.19590623       16.30471201
       6.133357516      -25.86899828       16.38968979
       6.071660129      -25.54104175       16.47388321
       6.018006821      -25.21222189       16.55728819
       5.972416896      -24.88272451       16.63990068
       5.934905376      -24.55273585       16.72171665
       5.905482993      -24.22244249       16.80273215
       5.884156183      -23.89203126       16.88294322
       5.870927076      -23.56168915       16.96234598
       5.865793493      -23.23160319       17.04093657
       5.868748951      -22.90196035       17.11871116
       5.879782654      -22.57294747       17.19566597
       5.898879507      -22.24475112       17.27179727
       5.926020115      -21.91755753       17.34710136
       5.961180792       -21.5915525       17.42157456
       6.004333573      -21.26692124       17.49521326
       6.055446225      -20.94384837       17.56801387
       6.114482264      -20.62251772       17.63997286
       6.181400971      -20.30311231       17.71108671
       6.256157408      -19.98581421       17.78135198
       6.338702446      -19.67080445       17.85076523
       6.428982784      -19.35826293       17.91932309
       6.526940977      -19.04836834       17.98702221
       6.632515464      -18.74129801       18.05385931
       6.745640598      -18.43722788       18.11983111
        6.86624668      -18.13633236       18.18493442
       6.994259991      -17.83878428       18.24916605
       7.129602835      -17.54475475       18.31252287
       7.272193569      -17.25441308       18.37500179
       7.421946652      -16.96792673       18.43659977
       7.578772686      -16.68546116       18.49731379
       7.742578461      -16.40717979       18.55714091
       7.913267001      -16.13324388       18.61607818
       8.090737616      -15.86381245       18.67412274
       8.274885952      -15.59904223       18.73127176
       8.465604045      -15.33908752       18.78752243
       8.662780377      -15.08410013       18.84287201
       8.866299932      -14.83422931        18.8973178
       9.076044255      -14.58962166       18.95085713
       9.291891514      -14.35042106       19.00348738
       9.513716564      -14.11676857       19.05520597
       9.741391009      -13.88880236       19.10601039
       9.974783269      -13.66665766       19.15589812
       10.21375865      -13.45046666       19.20486674
       10.45817941      -13.24035844       19.25291385
       10.70790485      -13.03645892       19.30003708
       10.96279133      -12.83889078       19.34623412
       11.22269243      -12.64777337       19.39150271
       11.48745895      -12.46322269       19.43584063
       11.75693903      -12.28535129        19.4792457
       12.03097822      -12.11426822       19.52171579
       12.30941955      -11.95007898        19.5632488
       12.59210361      -11.79288545        19.6038427
       12.87886867      -11.64278584       19.64349548
       13.16955071      -11.49987462        19.6822052
       13.46398355      -11.36424251       19.71996994
       13.76199891      -11.23597637       19.75678785
       14.06342653      -11.11515921        19.7926571
        14.3680942      -11.00187009       19.82757593
       14.67582793      -10.89618413       19.86154261
       14.98645196      -10.79817243       19.89455547
       15.29978892      -10.70790203       19.92661286
       15.61565989      -10.62543591       19.95771319
       15.93388449       -10.5508329       19.98785494
       16.25428099      -10.48414769       20.01703659
        16.5766664      -10.42543078       20.04525671
       16.90085656      -10.37472847       20.07251388
       17.22666625      -10.33208278       20.09880675
       17.55390929       -10.2975315       20.12413401
       17.88239861      -10.27110811       20.14849439
       18.21194638      -10.25284179       20.17188668
       18.54236409      -10.24275738       20.19430969
       18.87346267      -10.24087541       20.21576232
       19.20505257      -10.24721201       20.23624347
       19.53694386      -10.26177897       20.25575213
       19.86894634      -10.28458371       20.27428729
       20.20086966      -10.31562924       20.29184802
       20.53252337      -10.35491422       20.30843344
       20.86371706      -10.40243289       20.32404269
       21.19426047      -10.45817513       20.33867498
       21.52396356      -10.52212642       20.35232956
       21.85263661      -10.59426787       20.36500573
       22.18009035      -10.67457621       20.37670282
       22.50613604      -10.76302382       20.38742022
        22.8305856      -10.85957874       20.39715739
       23.15325164      -10.96420465       20.40591379
       23.47394763      -11.07686093       20.41368896
         23.792488      -11.19750267       20.42048248
       24.10868816      -11.32608068       20.42629397
        24.4223647       -11.4625415       20.43112311
       24.73333542      -11.60682747       20.43496963
       25.04141945      -11.75887671       20.43783328
       25.34643735       -11.9186232       20.43971388
       25.64821118      -12.08599676       20.44061129
       25.94656464      -12.26092313       20.44052543
       26.24132314      -12.44332397       20.43945624
       26.53231388      -12.63311693       20.43740374
       26.81936596      -12.83021568       20.43436798
       27.10231047      -13.03452995       20.43034905
       27.38098058      -13.24596558        20.4253471
       27.65521163      -13.46442456       20.41936233
        27.9248412      -13.68980509       20.41239497
       28.18970925      -13.92200165       20.40444531
       28.44965814      -14.16090499       20.39551369
       28.70453275      -14.40640225       20.38560049
       28.95418057      -14.65837702       20.37470613
       29.19845176      -14.91670933       20.36283111
       29.43719926       -15.1812758       20.34997593
       29.67027882      -15.45194964       20.33614118
       29.89754914      -15.72860073       20.32132747
        30.1188719      -16.01109571       20.30553546
       30.33411186      -16.29929804       20.28876587
       30.54313693      -16.59306804       20.27101946
       30.74581822      -16.89226301       20.25229703
       30.94203013      -17.19673726       20.23259944
       31.13165043      -17.50634222       20.21192759
        31.3145603       -17.8209265       20.19028243
       31.49064441      -18.14033598       20.16766495
       31.65979097      -18.46441386       20.14407619
       31.82189181       -18.7930008       20.11951724
       31.97684245      -19.12593493       20.09398924
       32.12454209      -19.46305201       20.06749336
       32.26489375      -19.80418544       20.04003084
       32.39780428      -20.14916641       20.01160295
       32.52318441      -20.49782396       19.98221101
       32.64094882      -20.84998507       19.95185638
       32.75101616      -21.20547475       19.92054049
       32.85330911      -21.56411614       19.88826479
       32.94775445      -21.92573061       19.85503079
       33.03428304      -22.29013782       19.82084004
       33.11282991      -22.65715585       19.78569414
       33.18333428      -23.02660128       19.74959473
       33.24573959       -23.3982893       19.71254351
       33.29999354      -23.77203377       19.67454222
       33.34604811      -24.14764738       19.63559262
       33.38385962      -24.52494168       19.59569656
       33.41338868      -24.90372723       19.55485591
       33.43460032      -25.28381369       19.51307258
       33.44746391      -25.66500989       19.47034854
       33.45195325      -26.04712398        19.4266858
       33.44804654      -26.42996348       19.38208642
       33.43572642      -26.81333543        19.3365525
       33.41497999      -27.19704646       19.29008617
       33.38579878      -27.58090291       19.24268964
       33.34817878      -27.96471089       19.19436513
       33.30212048      -28.34827647       19.14511494
       33.24762878      -28.73140569       19.09494137
       33.18471311      -29.11390472       19.04384681
       33.11338731      -29.49557995       18.99183366
       33.03366971      -29.87623806       18.93890438
       32.94558309       -30.2556862       18.88506148
       32.84915466      -30.63373199        18.8303075
       32.74441607      -31.01018372       18.77464504
       32.63140338      -31.38485039       18.71807672
       32.51015705      -31.75754182       18.66060522
       32.38072193      -32.12806878       18.60223326
       32.24314721      -32.49624306       18.54296362
       32.09748643      -32.86187759       18.48279909
       31.94379743      -33.22478653       18.42174253
       31.78214233      -33.58478537       18.35979684
       31.61258752      -33.94169102       18.29696494
       31.43520357      -34.29532195       18.23324982
       31.25006526      -34.64549822       18.16865451
        31.0572515      -34.99204163       18.10318207
       30.85684532      -35.33477579        18.0368356
       30.64893379      -35.67352623       17.96961825
       30.43360801      -36.00812048       17.90153322
       30.21096306      -36.33838816       17.83258374
       29.98109792      -36.66416109       17.76277309
       29.74411548      -36.98527337       17.69210458
       29.50012243      -37.30156146       17.62058157
       29.24922921      -37.61286429       17.54820746
       28.99154999      -37.91902331       17.47498569
        28.7272026      -38.21988263       17.40091974
       28.45630844      -38.51528905       17.32601314
       28.17899244      -38.80509217       17.25026945
       27.89538302      -39.08914447       17.17369227
       27.60561196       -39.3673014       17.09628524
        27.3098144      -39.63942142       17.01805205
       27.00812872      -39.90536612       16.93899643
        26.7006965      -40.16500027       16.85912213
       26.38766242       -40.4181919       16.77843296
       26.06917421      -40.66481237       16.69693276
       25.74538258      -40.90473645       16.61462542
       25.41644108      -41.13784237       16.53151485
        25.0825061      -41.36401191       16.44760501
       24.74373675      -41.58313044       16.36289991
       24.40029476      -41.79508699       16.27740357
