         2         1
         3         9
         4         6
         5        31
         6        35
         7        67
         8        92
         9       116
        10       150
        11       183
        12       199
        13       255
        14       272
        15       342
        16       371
        17       430
        18       482
        19       558
        20       613
        21       670
        22       726
        23       828
        24       901
        25       947
        26      1040
        27      1104
        28      1188
        29      1276
        30      1387
        31      1447
        32      1564
        33      1666
        34      1779
        35      1887
        36      1965
        37      2123
        38      2179
        39      2329
        40      2403
        41      2509
        42      2688
        43      2775
        44      2994
        45      3110
        46      3196
        47      3352
        48      3403
        49      3636
        50      3763
        51      3933
        52      4103
        53      4230
        54      4319
        55      4558
        56      4736
        57      4830
        58      5038
        59      5279
        60      5370
        61      5548
        62      5750
        63      5994
        64      6085
        65      6248
        66      6572
        67      6576
        68      6918
        69      7078
        70      7233
        71      7538
        72      7708
        73      7983
        74      8132
        75      8236
        76      8607
        77      8768
        78      8988
        79      9205
        80      9677
        81      9801
        82      9899
        83     10320
        84     10502
        85     10657
        86     10887
        87     11145
        88     11336
        89     11831
        90     11880
        91     12207
        92     12417
        93     12754
        94     13003
        95     13523
        96     13351
        97     13968
        98     14041
        99     14169
       100     14627
